Word,contempPoet,19th,contempAmateur,total
fawn,1,0,0,1
writings,0,3,0,3
yellow,7,7,0,14
four,10,4,3,17
woods,3,9,0,12
hanging,1,0,0,1
ringlets,0,1,0,1
marching,0,1,0,1
increase,0,1,0,1
snowing,1,1,0,2
unanswered,2,0,0,2
fingernails,0,1,0,1
lore,0,1,0,1
lord,1,5,5,11
meadows,1,1,0,2
bocks,0,1,0,1
sinking,2,1,0,3
swivel,2,0,0,2
oceans,0,0,2,2
dell,0,1,0,1
foul,0,1,0,1
bringing,3,1,0,4
revelers,0,2,0,2
prize,0,2,2,4
wooden,2,0,1,3
tabletops,1,0,0,1
piling,0,1,0,1
implanting,1,0,0,1
crotch,1,0,0,1
irises,2,0,0,2
nigh,0,1,0,1
tired,0,4,4,8
snuggles,1,0,0,1
railing,0,1,0,1
pulse,1,1,0,2
elegant,1,0,2,3
rusty,2,0,0,2
sailed,0,1,0,1
scraped,1,0,1,2
blouse,2,0,0,2
admire,0,2,0,2
tensely,1,0,0,1
dangled,1,0,0,1
ruthless,1,0,0,1
thunder,0,3,1,4
cooking,0,1,0,1
fingers,9,1,4,14
shocks,2,0,0,2
cull,0,1,0,1
hero,0,1,0,1
sunbeams,0,0,1,1
here,27,24,19,70
herd,0,1,0,1
china,1,0,0,1
hers,1,1,0,2
shriek,1,2,0,3
kids,0,0,12,12
langth,0,1,0,1
climbed,1,0,0,1
natures,0,1,0,1
i'm,25,6,59,90
golden,1,8,1,10
whoso,0,1,0,1
birthright,1,0,0,1
ground,6,2,5,13
explained,1,0,1,2
brought,6,7,3,16
stern,2,0,0,2
catchs,0,1,0,1
cheating,0,0,1,1
spoke,0,4,0,4
exhort,0,1,0,1
glimmering,0,1,0,1
cannibal,1,0,0,1
music,7,6,2,15
therefore,0,2,1,3
heralded,0,1,1,2
until,11,4,8,23
females,1,0,0,1
holy,1,2,1,4
successful,0,1,0,1
brings,0,1,1,2
holt,0,1,0,1
whirling,2,0,1,3
hurt,1,2,9,12
glass,11,7,3,21
hole,7,0,0,7
hold,8,5,15,28
locked,3,1,1,5
blade,2,0,1,3
plunged,1,1,0,2
enflames,0,1,0,1
sweeter,0,0,1,1
unjust,1,0,0,1
bitterest,0,1,0,1
howsoe'er,0,1,0,1
want,12,3,32,47
hog,0,2,0,2
gusts,0,1,0,1
travel,0,0,1,1
drying,2,0,0,2
machine,0,0,1,1
how,32,32,37,101
hot,4,5,1,10
hop,0,0,1,1
palaces,0,1,0,1
beauty,2,22,25,49
shores,1,1,0,2
possum,1,0,0,1
wrong,1,6,5,12
reddens,1,0,0,1
extortion,0,1,0,1
entrusted,0,1,0,1
calves,1,0,0,1
luring,0,1,0,1
specks,1,0,0,1
keeps,3,0,2,5
wing,4,0,0,4
wind,12,26,9,47
wine,3,4,0,7
sprawling,0,1,0,1
dreamed,0,3,0,3
wrought,0,3,0,3
fir,0,1,0,1
screaming,1,0,2,3
fix,2,0,0,2
survivors,0,1,0,1
bulding,0,1,0,1
hidden,1,2,0,3
easier,0,1,0,1
glorify,0,1,0,1
thrones,0,1,0,1
lambert,0,4,0,4
enrich,0,1,0,1
slate,2,0,0,2
effects,0,0,1,1
schools,1,0,0,1
braised,1,0,0,1
blink,1,0,1,2
silver,7,15,1,23
rumour,0,2,0,2
thyme,0,0,1,1
tiers,0,1,0,1
debut,0,1,0,1
ankle,1,0,0,1
flamboyantly,1,0,0,1
fhe,0,1,0,1
comely,0,2,0,2
loyalties,0,1,0,1
whim,1,1,0,2
snakes,2,1,0,3
woes,0,1,0,1
concord,1,0,0,1
garment,2,0,0,2
allah,0,1,0,1
spider,0,1,0,1
crocus,1,0,0,1
cathedral,2,0,0,2
whir,0,1,0,1
blinded,1,0,0,1
borne,1,1,0,2
drove,3,1,0,4
re,0,0,1,1
foundation,0,0,1,1
fugitive,0,1,0,1
enormous,1,0,0,1
ate,1,0,0,1
shelves,2,1,0,3
graces,0,1,0,1
shipped,2,0,0,2
tempting,0,0,1,1
speeds,0,1,1,2
flitting,0,1,0,1
brickwork,1,0,0,1
angelic,0,0,1,1
playfully,0,1,0,1
wash,2,2,0,4
spinning,1,0,0,1
elms,1,1,0,2
bitten,0,1,0,1
service,0,1,0,1
forsooth,0,1,0,1
needed,2,0,1,3
master,0,5,0,5
blossoms,3,2,0,5
architect,2,0,0,2
legs,1,0,0,1
bitter,0,2,0,2
listen,7,1,6,14
danish,0,1,0,1
rewards,0,0,1,1
collapse,2,0,0,2
fibrous,1,0,0,1
wisdom,1,2,0,3
motionless,0,1,1,2
crawl,0,1,3,4
showed,4,1,0,5
coward,0,1,0,1
sycamore,1,0,0,1
tree,10,10,1,21
second,0,5,2,7
nations,0,1,0,1
shower,0,1,0,1
idle,2,5,1,8
sheen,0,1,0,1
feeling,1,2,23,26
broods,1,0,0,1
shyly,1,0,0,1
headland,0,1,0,1
shrubs,1,0,0,1
corny,0,0,1,1
alive,6,4,1,11
person,7,0,3,10
bleachers,1,0,0,1
eagerly,0,1,0,1
metallic,1,0,0,1
doors,3,3,1,7
hum,0,1,0,1
crossbones,0,1,0,1
shall,2,45,1,48
object,2,1,0,3
toil,0,4,0,4
errors,0,0,1,1
mouth,15,6,1,22
letter,1,3,0,4
conceded,0,0,1,1
morality,0,1,0,1
singer,1,2,0,3
cops,1,0,0,1
grove,2,1,0,3
camp,1,1,0,2
nettle,0,1,0,1
tech,0,0,1,1
nineteenth,1,0,0,1
scream,1,3,1,5
incomplete,0,0,1,1
marvel,0,0,1,1
saying,4,1,1,6
insects,1,0,0,1
meetings,1,1,0,2
droppings,1,0,0,1
hazy,0,1,0,1
lethal,1,0,0,1
apace,0,1,0,1
busy,0,2,0,2
cousins,1,0,0,1
cupid,0,4,1,5
bliss,0,0,1,1
touched,1,4,0,5
rich,3,9,0,12
mend,0,1,0,1
rice,1,1,0,2
plate,0,1,1,2
tramped,1,0,0,1
honda,1,0,0,1
plath,1,0,0,1
foremost,0,1,0,1
pocket,5,0,0,5
cushion,0,0,1,1
altogether,0,0,1,1
chutney,1,0,0,1
greens,0,1,0,1
dipping,1,0,0,1
pretzel,0,1,0,1
eyelids,2,0,1,3
plashing,0,1,0,1
fitly,0,1,0,1
release,0,0,1,1
hasten,0,3,1,4
boarded,0,1,0,1
precluding,0,0,1,1
disaster,1,0,0,1
fair,0,9,1,10
deemed,1,0,0,1
bled,0,1,1,2
goodnight,0,0,1,1
result,0,0,1,1
erika,1,0,0,1
fail,1,1,0,2
crouch,0,1,0,1
hammer,1,1,0,2
best,6,5,6,17
lots,1,0,2,3
rings,0,2,0,2
score,1,2,0,3
scorn,1,2,0,3
apples,1,0,1,2
letting,2,0,2,4
screwball,1,0,0,1
never,20,23,46,89
nature,2,6,1,9
rolled,2,0,0,2
smelled,1,0,0,1
lapping,0,1,0,1
pround,0,1,0,1
pity,1,3,0,4
accident,1,1,0,2
country,2,7,0,9
pits,1,0,0,1
levitating,0,0,1,1
dora,0,1,0,1
floormat,1,0,0,1
asked,6,1,1,8
vain,0,3,1,4
mosses,0,1,0,1
canyon,1,0,0,1
gleaming,1,2,0,3
grazing,1,0,0,1
godhead,1,0,0,1
signals,0,1,0,1
lighthouse,1,0,0,1
source,3,0,0,3
seashell,0,3,0,3
fro,0,3,0,3
twain,0,0,1,1
much,14,12,26,52
plopping,0,1,0,1
privilege,0,1,0,1
dollies,1,0,0,1
life,26,22,55,103
spit,0,0,1,1
worker,1,0,0,1
wish,2,2,12,16
athwart,0,1,0,1
lift,6,1,0,7
child,15,8,1,24
worked,0,2,0,2
doth,0,1,1,2
spin,0,1,0,1
chill,0,1,1,2
gritty,0,0,1,1
remembering,0,0,1,1
played,2,4,1,7
kohl,1,0,0,1
player,0,2,1,3
violin,0,1,0,1
memorial,1,0,0,1
twinkles,0,1,0,1
things,11,23,26,60
honk,1,0,0,1
rebellion,0,3,0,3
clucking,0,1,0,1
split,2,1,0,3
babies,1,0,0,1
exertion,1,0,0,1
marches,0,2,0,2
dulled,0,1,0,1
tops,1,1,0,2
pioneers,0,1,0,1
tune,2,3,0,5
stupendous,1,0,0,1
echoed,0,0,1,1
stillness,2,0,0,2
raindrops,0,2,0,2
backhanded,1,0,0,1
opinions,0,1,0,1
boyhood,0,1,0,1
javelins,1,0,0,1
capitol,0,1,0,1
sleeps,1,2,3,6
sleepy,0,1,1,2
disguise,0,0,1,1
outlives,1,0,0,1
heedful,0,2,0,2
plight,0,0,2,2
rushing,0,1,1,2
ease,1,4,0,5
had,32,40,24,96
hay,2,0,0,2
innocent,0,3,4,7
prison,1,5,0,6
east,1,3,0,4
hat,1,3,0,4
scrotum,1,0,0,1
possible,3,0,3,6
possibly,1,0,0,1
barnacles,1,0,0,1
birth,1,3,0,4
clustered,1,1,0,2
shadow,6,1,1,8
desire,4,3,3,10
remind,0,1,1,2
steps,2,3,0,5
right,8,7,18,33
old,20,25,7,52
creek,2,0,0,2
crowd,0,5,0,5
people,7,6,14,27
creed,0,2,0,2
crown,0,5,0,5
begin,1,2,8,11
crows,2,0,0,2
creep,0,1,4,5
enemies,0,3,1,4
consensus,1,0,0,1
ruffled,0,1,0,1
for,92,169,101,362
bottom,1,0,0,1
fox,0,1,0,1
foe,0,1,0,1
fog,1,1,0,2
guenevere,0,1,0,1
sower,0,1,0,1
pinched,1,0,0,1
shaker,1,0,0,1
mildewed,1,0,0,1
gleams,0,1,0,1
shifting,3,0,0,3
losing,0,0,2,2
bowing,2,0,0,2
friezes,0,1,0,1
slither,0,0,1,1
benches,1,0,0,1
dollars,1,0,0,1
o,5,39,1,45
despair,1,4,2,7
melville,1,0,0,1
slightly,0,1,0,1
match,1,0,0,1
raised,1,0,1,2
nought,0,1,0,1
son,4,2,1,7
thankful,0,0,1,1
magazines,1,0,0,1
sow,0,2,0,2
shoots,1,0,0,1
fabric,1,0,0,1
waits,1,0,0,1
panorama,1,0,0,1
support,1,0,1,2
raped,0,0,1,1
jane,4,0,0,4
overhead,1,2,0,3
halls,1,1,0,2
happy,3,6,14,23
waistcoat,0,1,0,1
offer,0,0,1,1
forming,1,0,0,1
inside,12,2,13,27
humbles,0,1,0,1
smashed,0,0,1,1
mighty,0,1,1,2
duet,1,0,0,1
proud,0,4,0,4
disgrace,0,0,1,1
proven,0,0,1,1
crumble,0,1,0,1
soothe,0,1,0,1
exist,0,0,1,1
sprouts,0,0,1,1
cassia,1,0,0,1
tooth,1,0,0,1
leer,0,1,1,2
dotted,0,1,0,1
floor,13,2,4,19
crowns,1,0,0,1
flood,0,2,1,3
warms,0,1,1,2
role,1,0,0,1
smell,6,4,0,10
roll,3,3,2,8
's,118,148,116,382
hurled,0,2,0,2
palms,2,1,1,4
'd,22,23,8,53
smelling,1,0,0,1
variable,1,0,0,1
entrust,1,0,0,1
cifcles,0,1,0,1
sanctions,0,1,0,1
time,22,27,44,93
push,2,0,0,2
banners,0,2,0,2
gown,0,7,0,7
corps,1,0,0,1
per,0,1,0,1
chair,3,0,1,4
midst,0,2,0,2
vet,1,0,0,1
crates,1,0,0,1
bribed,0,1,0,1
veterans,2,0,0,2
jerk,0,0,1,1
navigable,1,0,0,1
choice,0,0,2,2
gloomy,0,1,0,1
mourn,0,1,0,1
stays,0,2,0,2
fretting,0,0,1,1
exact,1,1,0,2
tear,1,5,6,12
leave,9,7,10,26
solved,1,0,0,1
settle,0,2,0,2
subway,2,0,0,2
team,0,1,0,1
spiritual,1,0,0,1
meadow,2,0,0,2
attic,1,0,0,1
sigh,0,0,3,3
cowbells,1,0,0,1
sign,3,2,0,5
thrumming,1,0,0,1
shirts,1,0,0,1
cleanliness,0,0,1,1
melt,0,2,1,3
current,0,1,0,1
mell,0,1,0,1
falling,11,3,5,19
crackling,1,0,0,1
jury,1,0,0,1
climbs,1,0,1,2
honour,1,2,0,3
plucking,1,1,0,2
costumes,1,0,0,1
address,1,0,0,1
alone,7,16,9,32
along,7,16,4,27
passengers,1,0,0,1
shamelessness,1,0,0,1
brilliant,1,0,1,2
troth,0,1,0,1
accomplished,0,0,1,1
crumbled,0,1,0,1
studies,1,0,0,1
carpets,1,1,0,2
tasks,1,0,0,1
love,25,52,121,198
rosilind,0,1,0,1
logical,0,1,0,1
marvelous,1,0,1,2
divulged,1,0,0,1
fake,1,0,0,1
crime,1,0,1,2
crammed,1,1,0,2
working,2,1,0,3
angry,1,1,0,2
filmy,0,2,0,2
wondering,0,1,1,2
loving,2,3,4,9
scratched,1,0,1,2
consoled,1,0,0,1
claus,0,2,0,2
stressing,0,0,1,1
everywhere,2,3,0,5
pretend,2,1,2,5
believes,2,0,0,2
values,1,0,0,1
believed,3,1,0,4
admired,1,0,0,1
locks,0,1,0,1
stole,0,3,0,3
listens,1,1,0,2
winter,2,10,3,15
divided,1,0,0,1
vex,0,1,0,1
poking,1,0,0,1
chaucer,0,1,0,1
pendulous,0,1,0,1
elephant,1,0,0,1
snaps,1,0,0,1
spot,0,2,0,2
convincingly,0,0,1,1
fueled,1,0,0,1
such,6,16,4,26
suck,1,1,0,2
strangth,0,1,0,1
dove,1,2,2,5
stress,1,0,0,1
natural,1,1,1,3
ordinarily,0,0,1,1
st,0,1,0,1
opinionated,0,1,0,1
darkened,1,1,0,2
mango,1,0,0,1
so,43,65,90,198
swollen,0,0,1,1
garlands,0,3,0,3
pulled,3,0,0,3
scents,0,0,1,1
interarch,0,1,0,1
drunken,1,1,0,2
reaffirms,0,0,1,1
years,18,7,2,27
course,3,4,0,7
tendency,0,0,1,1
tore,0,0,2,2
splurge,1,0,0,1
limbs,0,2,0,2
yawning,0,1,0,1
thumb,2,0,0,2
torn,4,1,2,7
troubles,0,0,1,1
twitching,0,1,0,1
celebrate,0,1,0,1
thump,0,0,2,2
webs,1,0,0,1
decades,2,0,0,2
modestly,0,0,1,1
matches,0,0,1,1
bashful,1,0,0,1
nation,0,2,0,2
amulet,1,0,0,1
compelled,1,0,0,1
arriving,1,0,1,2
twilight,1,2,0,3
shouted,2,1,0,3
truckload,1,0,0,1
syncopation,1,0,0,1
bowling,0,1,0,1
quarter,0,2,0,2
square,1,1,0,2
fluted,1,0,0,1
crushing,0,0,1,1
entering,2,0,0,2
crowding,0,1,0,1
squared,1,0,0,1
astray,0,1,1,2
prostitutes,1,0,0,1
million,0,3,0,3
seventh,0,2,0,2
quite,1,5,1,7
complicated,1,0,0,1
besides,2,1,0,3
poems,2,0,0,2
diagram,0,1,0,1
forego,0,1,0,1
ostrich,0,1,0,1
disguises,1,0,0,1
flanders,0,1,0,1
massive,1,0,0,1
routes,1,0,0,1
emotion,0,1,0,1
spoken,0,1,0,1
one,74,61,84,219
spanish,1,1,0,2
open,15,6,9,30
languish,0,2,0,2
city,4,10,0,14
boulevard,1,0,0,1
wrath,1,0,0,1
bite,2,1,1,4
shiver,0,0,1,1
stifled,1,0,0,1
stuffed,3,0,0,3
realization,0,0,1,1
drugstore,1,0,0,1
swollenhead,1,0,0,1
lingering,0,1,0,1
proving,0,1,0,1
ridiculous,0,1,0,1
herds,0,1,0,1
lucent,0,1,0,1
cower,1,0,0,1
coats,1,0,0,1
future,3,5,9,17
spat,1,1,0,2
janitor,1,0,0,1
russia,1,0,0,1
buries,1,0,0,1
san,2,1,0,3
turned,10,4,2,16
alley,1,0,0,1
sad,2,4,8,14
tastes,0,1,1,2
unshed,0,0,1,1
allen,1,0,0,1
saw,7,10,7,24
sat,1,1,2,4
aside,0,4,1,5
zoo,1,0,0,1
note,1,3,0,4
massa,2,0,0,2
take,12,11,24,47
wanting,1,0,4,5
convulsive,1,0,0,1
butterfly,1,8,0,9
altered,0,1,0,1
opposite,0,0,1,1
knew,8,8,10,26
knee,2,0,0,2
winters,1,0,0,1
lawn,5,1,0,6
frails,0,1,0,1
average,1,0,0,1
sale,1,1,0,2
cushioned,0,1,0,1
crooked,0,1,0,1
axe,0,3,0,3
careering,0,1,0,1
salt,2,0,0,2
walking,6,2,3,11
lotus,0,1,0,1
murmury,1,0,0,1
peaches,1,0,0,1
bright,8,10,4,22
lettered,1,0,0,1
scarce,1,1,0,2
imagined,1,0,0,1
slow,5,2,0,7
unkind,0,2,0,2
tears,2,17,12,31
going,8,2,9,19
teary,0,0,1,1
caroline,0,0,1,1
clawing,0,1,0,1
neath,0,1,0,1
guarded,0,1,1,2
windowed,0,1,0,1
infallibly,1,0,0,1
freezing,0,1,0,1
balconies,1,0,0,1
clang,0,1,0,1
battalions,0,1,0,1
prime,0,1,0,1
keenly,1,0,0,1
borrow,1,1,1,3
absurdly,0,1,0,1
worried,1,1,0,2
carrion,0,1,0,1
roger,0,1,1,2
bombs,1,0,0,1
worries,0,0,1,1
where,39,38,13,90
vision,0,1,4,5
corridors,2,1,0,3
attenuated,0,1,0,1
horned,0,1,0,1
surgery,1,0,0,1
mutton,0,1,0,1
wielding,0,0,1,1
avails,0,1,0,1
moldy,0,0,1,1
refreshed,0,1,0,1
affrighting,0,1,0,1
forsake,0,1,0,1
pitiless,0,0,1,1
impregnated,0,1,0,1
screen,2,2,1,5
splendors,0,1,0,1
gratefully,0,1,0,1
jovial,0,1,0,1
reigns,0,0,1,1
spark,0,0,2,2
concentrated,1,0,0,1
many,10,19,8,37
myself,8,5,16,29
flipped,1,0,0,1
loudly,0,0,1,1
mane,1,0,0,1
expression,0,2,0,2
can't,10,0,19,29
inclining,1,0,0,1
ants,2,0,0,2
boat,6,3,0,9
cities,0,2,0,2
stretch,2,0,0,2
west,2,4,0,6
breath,6,3,4,13
brisk,1,0,0,1
wants,3,0,5,8
lanes,1,1,0,2
thousand,2,2,1,5
formed,1,1,0,2
surpassing,0,1,0,1
observe,0,1,1,2
colonly,1,0,0,1
shanty,0,0,1,1
pretence,0,1,0,1
endures,0,1,0,1
straighter,0,1,0,1
canoes,1,0,0,1
rancor,0,0,1,1
newspaper,1,0,1,2
cafes,0,1,0,1
brow,1,2,1,4
purse,1,0,0,1
woone,0,1,0,1
spooked,1,0,0,1
ivy,0,1,0,1
dragging,1,0,0,1
gelding,1,0,0,1
mouldering,0,1,0,1
stiffly,0,1,0,1
barbed,1,0,0,1
wires,2,2,0,4
edged,0,0,1,1
sickness,1,1,0,2
arden,0,1,0,1
clangs,0,1,0,1
flocks,0,2,0,2
vacant,1,1,0,2
pacing,1,0,0,1
begilds,0,1,0,1
trains,1,0,1,2
summer,3,10,3,16
unlovliness,1,0,0,1
being,5,8,6,19
slime,0,1,0,1
rest,8,9,7,24
slimy,0,1,0,1
fateful,0,1,0,1
inaudible,1,0,0,1
blondes,1,0,0,1
sixteen,0,1,0,1
retinue,1,0,0,1
shrines,0,1,0,1
instrument,0,1,0,1
roved,0,1,0,1
plumes,0,2,0,2
haystack,0,1,0,1
joyful,0,0,1,1
skies,0,10,4,14
starving,1,0,0,1
around,14,8,22,44
unveil,0,1,0,1
dark,17,24,14,55
awol,1,0,0,1
tocsin,0,1,0,1
traffic,1,0,1,2
world,18,31,10,59
aweary,0,1,0,1
dare,0,4,0,4
stranger,1,2,1,4
expunge,0,2,0,2
wordless,1,0,0,1
shutter,1,0,0,1
clay,3,0,0,3
claw,2,0,0,2
clap,0,0,1,1
learning,1,1,1,3
divine,0,6,0,6
thinks,2,0,5,7
memories,0,3,6,9
tube,1,0,0,1
beckons,0,1,0,1
exit,1,0,0,1
mead,0,2,0,2
destroys,0,3,0,3
squabble,1,0,0,1
runnels,0,1,0,1
power,1,9,2,12
intimate,0,2,0,2
prepared,0,3,0,3
ducking,1,0,0,1
stone,9,6,0,15
package,1,0,0,1
rosemary,1,0,0,1
favorite,3,0,0,3
slender,1,2,0,3
meal,1,0,1,2
neighbor,1,1,0,2
act,1,0,4,5
luck,4,0,1,5
widowed,1,0,0,1
burning,4,2,1,7
image,3,2,1,6
softnesses,1,0,0,1
cared,0,1,1,2
her,118,82,61,261
gleam,1,1,0,2
diversiloba,1,0,0,1
hey,1,0,1,2
rumbles,0,1,0,1
mindless,0,1,0,1
futile,0,4,0,4
sealed,1,0,1,2
hen,0,1,0,1
tireless,1,0,0,1
yearned,0,0,1,1
complete,1,0,0,1
wits,0,1,0,1
gliding,1,1,0,2
foreheads,0,1,0,1
mice,1,1,0,2
skins,3,0,1,4
with,122,166,120,408
abused,1,0,0,1
they're,0,0,2,2
rush,0,1,1,2
darken,1,0,0,1
naming,1,1,0,2
rage,3,2,0,5
rags,1,0,0,1
dispensing,0,1,0,1
russ,0,2,0,2
purified,1,0,0,1
agree,1,1,1,3
darker,1,0,1,2
gone,11,9,11,31
gong,0,1,0,1
fright,0,0,3,3
exhausted,2,0,0,2
certain,5,2,0,7
accents,0,1,0,1
forgot,0,1,0,1
am,16,23,32,71
watches,0,2,1,3
an,29,44,14,87
as,103,97,86,286
at,86,70,47,203
walks,1,2,2,5
watched,0,0,4,4
pedestal,0,1,1,2
tremble,0,4,0,4
e'en,0,3,0,3
cream,0,0,1,1
beaming,0,1,0,1
drafts,0,1,0,1
aromatic,1,0,0,1
tight,1,0,2,3
guercino,0,1,0,1
puppy,1,0,0,1
congress,1,1,0,2
waving,2,1,0,3
wounds,2,1,0,3
tricky,1,0,0,1
neuter,1,0,0,1
sobbing,0,1,0,1
thorn,0,3,0,3
acids,1,0,0,1
having,1,3,1,5
raphael,0,1,0,1
mast,0,1,0,1
mass,0,3,0,3
original,2,1,0,3
coots,1,0,0,1
consider,0,1,3,4
caused,0,0,3,3
beware,1,0,1,2
acknowledging,0,1,0,1
causes,1,0,0,1
content,0,2,0,2
condescends,0,1,0,1
ashtrays,1,0,0,1
tinsel,1,0,0,1
hunting,1,2,1,4
tv,1,0,1,2
to,321,355,359,1035
tail,3,0,0,3
creaking,1,0,0,1
th,0,7,0,7
smile,4,10,18,32
norm,0,0,1,1
roadway,1,0,0,1
tatter,0,1,0,1
guerdon,0,1,0,1
returned,0,1,1,2
puzzled,1,0,0,1
swallows,0,0,1,1
detention,1,0,0,1
revolving,1,0,0,1
strand,1,0,0,1
sans,1,0,0,1
marvellous,1,1,0,2
joined,1,0,0,1
large,3,2,0,5
sang,2,0,0,2
sand,0,5,4,9
small,15,5,1,21
sank,1,1,0,2
startwatch,1,0,0,1
snowbound,0,1,0,1
twigs,0,1,0,1
healed,1,1,0,2
past,9,21,13,43
pass,3,5,1,9
assaults,0,1,0,1
crests,0,0,1,1
kafila,0,1,0,1
richard,0,3,0,3
clock,1,1,7,9
prevailed,0,1,0,1
scientists,1,0,0,1
nurse,1,0,0,1
revealing,0,2,0,2
full,12,13,9,34
leaping,1,0,1,2
hours,5,3,3,11
concluding,0,0,1,1
buzzing,1,0,0,1
yellowed,1,0,0,1
dramatist,0,1,0,1
shops,1,0,0,1
fergus,1,0,0,1
brutal,0,2,0,2
scentless,0,1,0,1
pick,2,0,3,5
tutting,0,0,1,1
depart,0,0,1,1
strolling,1,1,0,2
needest,0,1,0,1
pulls,1,0,0,1
darkens,1,0,0,1
coercion,1,0,0,1
philco,1,0,0,1
pears,1,0,0,1
implore,0,1,0,1
morn,0,5,0,5
wavering,1,0,0,1
fragrance,0,0,1,1
graveside,2,0,0,2
ballad,0,1,0,1
more,15,25,24,64
door,8,8,12,28
company,3,2,0,5
foregone,0,0,1,1
spoils,0,1,0,1
spurwing,0,1,0,1
doom,0,1,1,2
cunning,0,2,0,2
keeping,1,0,1,2
gravel,1,1,0,2
thickest,1,2,0,3
learn,6,1,2,9
male,1,0,0,1
beautiful,9,9,8,26
scan,0,0,1,1
rustled,0,0,1,1
neglected,0,1,0,1
autumn,1,4,0,5
fiercely,0,1,0,1
sense,1,3,2,6
scar,0,0,1,1
dress,3,2,0,5
salts,1,1,0,2
axis,1,0,0,1
huge,3,0,0,3
thrills,0,1,0,1
glowing,0,2,0,2
hugs,1,0,0,1
browns,1,0,0,1
clink,1,0,0,1
reveries,0,0,1,1
creature,0,0,2,2
waved,1,0,0,1
plant,0,2,0,2
plans,0,0,1,1
countryside,0,1,0,1
blotted,1,0,0,1
plane,1,0,0,1
waves,0,6,3,9
flutter,0,3,0,3
refuse,0,0,1,1
resemble,0,1,0,1
twisting,0,1,0,1
wrench,1,0,0,1
alphabet,1,0,0,1
trellis,1,0,0,1
grasshoppers,1,0,0,1
replied,0,2,0,2
incessantly,0,1,0,1
trade,1,3,0,4
attitude,1,0,0,1
paper,6,0,0,6
pang,0,2,1,3
brim,0,0,1,1
signs,0,0,1,1
bric,0,1,0,1
smiling,0,1,1,2
its,43,27,24,94
roots,1,1,0,2
saucy,0,1,0,1
caesars,0,1,0,1
deeds,0,1,2,3
hounds,1,0,0,1
shuddering,1,2,0,3
ruining,0,0,1,1
bummer,1,0,0,1
arrange,0,1,0,1
tyrants,0,1,0,1
gadget,1,0,0,1
weeds,1,2,0,3
sucked,2,0,0,2
reticent,1,0,0,1
shifty,0,1,0,1
hereafter,0,1,0,1
always,14,17,41,72
loosely,0,1,0,1
courses,0,1,0,1
found,10,5,7,22
england,0,5,0,5
upstairs,1,0,0,1
clockwork,1,0,0,1
blues,1,0,0,1
really,6,2,14,22
try,2,3,11,16
missed,0,0,3,3
blacks,1,0,0,1
silks,2,0,0,2
darling,0,0,3,3
highway,2,0,0,2
viol,0,2,0,2
risen,1,0,1,2
drifting,3,0,1,4
porcelain,1,0,1,2
sparked,1,0,0,1
murmur,1,1,0,2
imagine,3,0,1,4
rises,1,0,0,1
reproach,1,0,0,1
uplands,0,1,0,1
reared,0,1,0,1
castle,0,2,0,2
booned,0,0,1,1
porpoise,0,1,0,1
gazed,2,0,0,2
vowel,1,0,0,1
slipped,0,1,0,1
thereafter,0,1,0,1
number,0,0,2,2
gazes,0,0,2,2
glitter,0,1,0,1
guess,0,0,3,3
heads,5,6,0,11
guest,1,3,0,4
syllabled,1,1,0,2
nobly,0,1,0,1
flings,1,0,0,1
saint,1,0,0,1
justly,0,1,0,1
seagram,1,0,0,1
playmate,0,5,0,5
zeppelin,0,1,0,1
stairs,1,2,0,3
grace,2,0,3,5
marriage,1,0,0,1
fishermen,1,0,0,1
remembers,1,1,0,2
maltreated,0,1,0,1
livers,0,1,0,1
honeys,1,0,0,1
fireside,1,1,0,2
caress,1,2,1,4
blond,2,0,0,2
odors,0,1,0,1
sell,1,1,0,2
bloodstain,1,0,0,1
permanence,0,1,0,1
odd,6,0,0,6
self,0,10,3,13
fornication,0,1,0,1
also,1,6,3,10
frail,0,2,0,2
glades,0,1,0,1
knobs,1,0,0,1
brace,0,1,0,1
play,3,7,5,15
swiftly,1,2,0,3
yawn,0,1,0,1
plan,1,4,0,5
foyer,0,0,1,1
singled,1,0,0,1
understands,0,0,1,1
whalebone,0,1,0,1
seize,0,1,0,1
gusted,1,0,0,1
sometimes,11,2,34,47
cover,2,0,1,3
barren,1,0,0,1
barrel,1,0,0,1
dragged,1,0,0,1
gold,6,6,0,12
midwestern,1,0,0,1
freight,0,2,0,2
failed,1,3,0,4
cassette,0,0,1,1
sorrowing,0,1,0,1
dandelion,0,1,0,1
beams,0,1,1,2
ceasing,0,1,0,1
sunny,0,1,1,2
twill,0,1,0,1
closely,1,1,0,2
frightening,1,1,0,2
enemy,0,1,0,1
sleeve,1,0,0,1
hits,1,0,2,3
cry,5,6,15,26
preying,1,0,0,1
caramel,1,1,0,2
cease,1,1,0,2
river,7,5,0,12
rivet,1,0,0,1
insane,1,0,1,2
set,8,7,3,18
nibble,0,1,0,1
sex,1,0,0,1
see,27,24,45,96
sea,7,38,3,48
knees,3,2,0,5
spirits,1,2,0,3
demons,0,0,2,2
taming,0,1,0,1
pickup,2,0,0,2
verbs,1,0,0,1
rite,0,1,0,1
kneel,3,0,0,3
knowing,8,2,9,19
candor,1,0,0,1
hardship,0,0,1,1
untouched,1,0,0,1
flatware,1,0,0,1
pagan,0,1,0,1
pæans,0,1,0,1
last,20,19,15,54
thou,0,33,0,33
barely,1,0,0,1
connection,0,1,0,1
lash,0,1,0,1
poverty,0,0,2,2
whole,5,11,4,20
housetops,0,1,0,1
healing,0,1,1,2
load,0,1,0,1
loaf,1,0,0,1
majesty,0,1,0,1
bell,8,3,0,11
loam,1,1,0,2
hollow,2,5,1,8
adjoining,0,1,0,1
jowls,1,0,0,1
church,1,2,0,3
belt,0,2,0,2
devil,1,0,1,2
filth,0,2,0,2
acceptance,0,0,1,1
fudge,0,1,0,1
rattle,0,1,0,1
extravagant,0,1,0,1
firm,0,2,1,3
resting,1,0,2,3
sweetheart,0,2,0,2
champion,0,0,1,1
fire,8,11,1,20
growen,0,1,0,1
awake,2,2,1,5
towns,1,1,0,2
wheeled,1,0,0,1
firs,1,0,0,1
presses,1,1,1,3
heaumes,0,2,0,2
uncertain,0,0,1,1
damselflies,1,0,0,1
straight,2,1,3,6
sesame,1,0,0,1
forgetting,1,0,1,2
pressed,2,1,0,3
brocaded,0,3,0,3
leaning,1,1,0,2
kissing,0,0,1,1
robin,0,1,0,1
dozed,0,1,0,1
eeriness,1,0,0,1
real,3,1,5,9
hoping,0,0,2,2
arching,1,0,0,1
moth,5,0,0,5
binding,0,0,2,2
vow,0,2,1,3
vor,0,3,0,3
ower,0,1,0,1
chase,0,2,0,2
renounced,0,1,0,1
sounding,0,2,0,2
starlight,0,1,0,1
fetching,1,0,0,1
seek,0,7,0,7
doat,0,1,0,1
derby,0,1,0,1
epithet,1,0,0,1
fridge,0,0,1,1
stack,1,0,0,1
recent,2,0,1,3
loathsome,0,1,0,1
picks,0,1,0,1
concrete,0,0,1,1
feces,1,0,0,1
theatres,0,1,0,1
clasped,0,1,0,1
cabins,1,0,0,1
lads,0,1,0,1
arrests,1,0,0,1
rumbling,0,1,0,1
unto,0,8,0,8
readers,1,0,0,1
pillars,0,1,0,1
eager,1,1,2,4
parents,0,2,0,2
crying,1,0,8,9
furniture,1,0,0,1
surprised,1,0,0,1
jutting,1,0,0,1
couple,1,1,0,2
wives,0,1,0,1
suffering,6,0,0,6
quest,0,0,1,1
clutched,1,0,0,1
abound,0,1,0,1
flannel,0,2,0,2
d,2,1,0,3
bruit,1,0,0,1
spine,0,0,1,1
chorus,0,1,3,4
continue,1,1,5,7
yields,1,0,0,1
scape,0,1,0,1
tribes,0,1,0,1
spins,1,0,1,2
canst,0,1,0,1
spring,5,12,2,19
bounce,0,0,2,2
sighs,0,3,0,3
palm,0,0,1,1
sight,0,2,1,3
curious,1,1,0,2
pale,6,7,1,14
momentary,0,1,0,1
religion,0,1,1,2
temple,1,0,0,1
ceare,0,1,0,1
t,1,3,1,5
be,55,78,116,249
odor,1,0,0,1
nowhere,2,0,0,2
santa,0,1,0,1
carol,0,1,0,1
by,62,71,36,169
anything,5,1,7,13
wrinkles,0,1,0,1
forgave,0,1,0,1
wrinkled,1,0,0,1
forearms,1,0,0,1
repair,1,1,0,2
reverence,0,1,0,1
garbage,3,0,0,3
into,53,23,25,101
custom,0,3,0,3
creosote,1,0,0,1
shalt,0,1,0,1
purred,1,0,0,1
opens,2,1,0,3
strives,0,0,1,1
elsewhere,1,0,0,1
inches,1,0,0,1
quenched,0,1,0,1
archaic,0,1,0,1
atlantic,0,1,0,1
atom,0,2,0,2
line,6,3,2,11
intestines,1,0,0,1
fades,1,0,2,3
immured,0,1,0,1
burrows,1,0,0,1
up,67,41,37,145
us,38,43,33,114
ur,1,0,0,1
un,2,0,0,2
haydust,1,0,0,1
hornet,2,0,0,2
yelled,2,0,0,2
genial,0,1,0,1
flocked,0,1,0,1
influence,0,0,1,1
haunt,0,1,0,1
coasting,1,0,0,1
chat,0,1,0,1
graceful,1,0,1,2
phantom,0,1,0,1
retrace,0,1,0,1
occasional,0,0,1,1
parakeet,1,0,0,1
swirl,0,0,1,1
sails,0,2,0,2
tart,0,1,1,2
tedium,0,1,0,1
beginnings,0,1,0,1
lucid,0,0,1,1
cobblestone,1,0,0,1
vantage,0,1,0,1
ago,6,1,1,8
lane,1,1,0,2
land,1,7,4,12
fighter,0,1,1,2
expressionless,1,0,0,1
age,3,3,2,8
holes,2,2,0,4
walked,8,6,3,17
came,17,17,3,37
fresh,3,3,4,10
menace,1,0,0,1
hello,1,0,0,1
squats,0,1,0,1
scratch,1,0,0,1
laziness,0,1,0,1
results,1,0,0,1
soften,0,1,0,1
gossip,0,1,0,1
churned,1,0,0,1
seemed,3,5,0,8
tearing,0,0,1,1
glows,0,2,0,2
harvest,0,2,0,2
young,22,16,1,39
send,0,0,1,1
sent,1,1,3,5
garden,3,13,5,21
continues,2,0,0,2
languished,0,0,1,1
syntax,1,0,0,1
continued,1,0,0,1
wipe,2,0,0,2
timely,0,1,0,1
magic,1,1,6,8
harbor,3,0,0,3
marry,0,2,0,2
eve,0,3,0,3
anxious,1,0,0,1
race,1,4,0,5
leonardo,0,1,0,1
rack,1,0,0,1
sown,0,2,0,2
pledge,1,0,0,1
gholam,0,1,0,1
shrimps,0,1,0,1
haiku,1,0,0,1
pajamas,1,0,0,1
thik,0,1,0,1
sweaty,1,0,0,1
henceforth,0,1,0,1
consistently,0,0,1,1
indian,1,1,0,2
twins,0,1,0,1
flowing,1,3,1,5
bird,9,7,1,17
led,2,3,3,8
lee,1,0,0,1
leg,1,0,0,1
gathered,2,0,0,2
punch,0,0,1,1
spake,0,1,0,1
let,16,21,25,62
invented,1,0,0,1
untidiness,1,0,0,1
great,7,15,5,27
receive,0,2,2,4
screech,0,1,0,1
scatter,1,0,0,1
jobiska,0,4,0,4
survey,1,0,0,1
defeat,1,2,0,3
opinion,0,1,1,2
makes,6,1,15,22
maker,0,3,1,4
thats,0,0,3,3
sire,0,1,0,1
moorlands,0,2,1,3
jackass,0,1,0,1
tools,2,0,0,2
standing,4,1,2,7
confidence,0,2,0,2
recalling,0,1,0,1
fitfully,1,0,0,1
next,5,1,5,11
doubt,0,1,1,2
pencil,1,0,0,1
baffled,0,0,1,1
occurred,1,0,0,1
carrying,1,0,0,1
bullhorn,1,0,0,1
labelled,1,0,0,1
sharply,0,1,0,1
baby,2,0,4,6
gladly,1,0,0,1
dicing,1,0,0,1
balls,1,1,0,2
animals,1,1,0,2
this,75,46,90,211
insists,1,0,0,1
reproduce,0,1,0,1
larch,0,1,0,1
thin,1,1,0,2
oarlocks,1,1,0,2
fulfill,0,1,0,1
coffin,1,0,0,1
murmuring,0,1,0,1
slid,2,2,0,4
bent,3,2,0,5
reeds,1,1,0,2
process,2,0,0,2
lock,2,0,1,3
slim,0,1,0,1
rode,0,1,0,1
pieces,1,0,0,1
high,9,12,3,24
beckoned,0,0,2,2
slit,2,1,0,3
bend,4,0,1,5
slip,1,3,1,5
pieced,1,1,0,2
martyr,0,2,0,2
trumpet,0,1,0,1
weaken,0,0,1,1
paws,1,0,0,1
paled,0,1,0,1
wares,0,1,0,1
delay,0,1,0,1
animal,3,1,0,4
mumbles,0,0,1,1
mightst,0,2,0,2
clasping,0,0,3,3
blocks,2,0,0,2
unmuffled,1,0,0,1
await,1,1,0,2
wristwatch,1,0,0,1
tied,0,1,1,2
throbs,0,1,0,1
notebook,1,0,0,1
preferring,1,0,0,1
ties,1,1,0,2
marrow,1,0,0,1
hawk,1,0,0,1
realized,0,0,2,2
counter,1,2,0,3
reminders,0,0,1,1
robot,0,0,1,1
element,1,0,0,1
roseate,0,1,0,1
unstanched,0,1,0,1
realizes,0,0,1,1
allow,1,0,1,2
counted,5,0,0,5
antelope,2,0,0,2
holds,2,3,0,5
thigh,3,0,0,3
tribe,0,1,0,1
move,8,2,3,13
doubtful,0,1,0,1
weasten,0,1,0,1
warren,0,1,0,1
perfect,2,4,2,8
decay,0,1,0,1
chosen,0,1,1,2
snouts,2,0,0,2
remorseless,0,0,1,1
shudder,0,1,0,1
designs,0,1,0,1
insistent,0,1,0,1
bat,1,1,0,2
ship,0,4,0,4
dock,0,1,0,1
snake,1,1,0,2
kiss,7,3,12,22
cage,0,0,1,1
realize,1,0,2,3
draftees,1,0,0,1
delightful,0,1,0,1
vibrations,0,0,1,1
truth,0,6,5,11
overripe,1,0,0,1
beneath,3,4,2,9
traces,0,1,0,1
scorch,1,0,0,1
glasses,3,0,0,3
enigmatic,0,1,0,1
doing,7,1,5,13
society,1,1,0,2
books,4,1,0,5
thirteen,1,0,0,1
ariettes,0,1,0,1
wander,0,3,0,3
witness,1,0,1,2
ascension,1,0,0,1
wellspring,0,0,1,1
shut,5,2,0,7
wallpaper,2,0,0,2
thrush,0,1,0,1
perish,0,3,0,3
greedy,1,0,0,1
surely,0,4,0,4
tempt,0,2,0,2
shun,0,2,0,2
chinks,1,0,0,1
durbar,0,2,0,2
scary,0,0,2,2
replaying,0,0,1,1
scars,0,0,6,6
put,7,6,6,19
hitched,0,1,0,1
length,1,0,0,1
serenity,0,0,1,1
davis,1,0,0,1
chills,0,0,2,2
linnet,0,2,0,2
staggered,1,0,0,1
demonstrating,0,1,0,1
blown,2,0,1,3
pines,2,2,0,4
scene,2,3,1,6
jesus,2,3,0,5
pinen,0,1,0,1
blows,0,4,0,4
scent,1,1,1,3
festival,0,1,0,1
traveller,1,0,0,1
stealth,0,1,0,1
sergeant,1,0,0,1
travelled,0,1,0,1
behaved,0,1,1,2
stars,5,18,6,29
quarry,1,0,0,1
moriarty,1,0,0,1
steel,2,4,0,6
buttocks,1,0,0,1
bother,0,0,4,4
tortured,1,0,0,1
tortures,0,1,0,1
steep,1,1,0,2
torrent,1,0,0,1
devotion,1,0,0,1
false,3,5,0,8
shrinks,0,0,1,1
platypus,0,0,2,2
trusting,0,0,1,1
tonight,2,0,0,2
gentle,1,2,2,5
sidelong,0,1,0,1
clearly,1,1,1,3
soak,1,0,0,1
studying,1,0,0,1
therewith,0,1,0,1
apprise,0,1,0,1
hangover,0,0,1,1
astride,1,0,0,1
babes,0,2,0,2
juliet,0,1,0,1
scooping,0,2,0,2
persistence,0,0,1,1
soar,0,0,1,1
manor,0,1,0,1
raindrop,0,1,0,1
petals,1,0,0,1
courtesy,1,2,0,3
medal,0,1,0,1
bred,1,2,0,3
stronger,0,1,4,5
face,20,15,8,43
perceiving,0,1,0,1
mechanical,0,1,0,1
brew,0,0,1,1
wounded,0,1,0,1
painting,5,0,0,5
fact,2,2,2,6
atmosphere,2,1,1,4
bring,2,11,1,14
bikes,1,0,0,1
rouge,1,0,0,1
rough,1,2,2,5
principal,1,0,0,1
jostling,0,1,0,1
burnished,1,0,0,1
jaw,2,0,0,2
jar,1,1,0,2
softens,1,0,0,1
buttons,1,1,0,2
planted,1,0,0,1
tape,0,0,1,1
riding,1,1,0,2
sylvia,1,0,0,1
maggoty,0,0,1,1
hope,1,7,6,14
exchanged,0,0,2,2
feairer,0,1,0,1
handle,1,1,0,2
listened,1,0,0,1
bonds,0,3,0,3
familiar,3,0,1,4
listener,0,1,0,1
smash,1,0,0,1
stuff,0,1,2,3
streamlined,0,0,1,1
frame,0,3,0,3
slanted,1,0,0,1
configures,1,0,0,1
textiles,0,0,1,1
mysteries,0,3,0,3
wire,6,1,0,7
destiny,0,2,2,4
nuclear,1,0,0,1
quickest,1,0,0,1
injustice,1,0,0,1
membrane,1,0,0,1
ends,2,3,3,8
interchangeably,1,0,0,1
gnomes,0,0,1,1
butte,1,0,0,1
porticos,0,1,0,1
staring,2,0,1,3
mellons,1,0,0,1
drum,3,1,0,4
northeaster,0,4,0,4
invited,1,0,0,1
figures,1,0,0,1
bristol,0,2,0,2
adjusted,0,1,0,1
whispering,0,0,2,2
paperboy,1,0,0,1
accursed,0,1,0,1
dazzling,2,0,0,2
whate'er,0,2,0,2
hottest,0,2,0,2
waste,0,1,2,3
unfound,1,0,0,1
spain,0,1,0,1
banish,0,0,1,1
wearied,0,1,0,1
coals,1,0,0,1
reminiscence,1,0,0,1
cutlass,0,1,0,1
apparitions,0,0,1,1
rigged,0,1,0,1
ripe,1,2,0,3
lush,1,0,0,1
prosper,0,1,0,1
lust,1,1,0,2
sits,1,2,1,4
pith,0,1,0,1
balm,0,1,0,1
ball,1,0,0,1
dusk,0,2,0,2
bale,0,1,0,1
drink,5,3,3,11
upon,4,27,8,39
dust,0,4,2,6
expand,0,1,0,1
off,17,8,6,31
colour,0,1,0,1
overcast,0,1,0,1
patterns,1,1,0,2
command,0,1,0,1
oft,0,1,0,1
drawing,0,2,0,2
lest,1,1,0,2
legendary,0,1,0,1
less,2,13,2,17
moments,1,0,4,5
rambled,0,0,1,1
clocks,0,1,0,1
aspired,0,1,0,1
rooms,4,2,0,6
glue,0,0,1,1
web,0,0,1,1
stairways,1,0,0,1
wed,0,3,0,3
sickened,1,0,0,1
orphaned,2,0,0,2
arrest,0,1,0,1
combing,0,1,0,1
crack,2,0,0,2
government,1,0,0,1
checking,1,0,0,1
pied,0,1,0,1
crux,1,0,0,1
whispers,0,2,2,4
haul,0,1,0,1
five,7,2,0,9
lightless,1,0,0,1
goings,0,0,1,1
tick,1,0,1,2
pier,1,0,0,1
bayonets,0,1,0,1
crisp,1,4,0,5
onion,2,0,0,2
chairs,2,0,0,2
tinted,2,0,1,3
garage,2,0,0,2
flickering,1,1,0,2
become,6,3,12,21
murn,0,1,0,1
drilled,1,0,0,1
thief,0,1,0,1
immortal,0,2,0,2
daylight,0,2,0,2
flush,0,2,0,2
hissing,1,0,0,1
transport,1,0,0,1
literally,1,0,0,1
avoid,0,1,0,1
shone,2,1,0,3
anguished,0,0,1,1
does,4,5,9,18
passion,1,5,3,9
forgiven,1,0,0,1
doofenshmitz,0,0,1,1
fortissimo,0,1,0,1
blowing,2,2,0,4
voluptuous,0,1,0,1
pear,2,1,0,3
cellulose,0,1,1,2
pressure,1,0,1,2
coldly,0,1,0,1
stage,2,4,0,6
iris,1,0,0,1
sister,3,2,2,7
drumming,1,0,0,1
asks,1,0,0,1
whistled,0,1,0,1
furred,1,0,0,1
blackness,2,0,0,2
documentary,1,0,0,1
swimming,4,1,1,6
letters,4,1,0,5
ferrule,0,1,0,1
rectify,1,0,0,1
pussy,0,1,0,1
errands,0,0,1,1
roads,1,3,0,4
swimmers,1,0,0,1
mere,0,2,0,2
cradling,1,0,0,1
worshippers,0,1,0,1
startled,2,1,0,3
frustration,0,1,0,1
naturally,0,1,0,1
function,0,1,0,1
doubter,0,1,0,1
36th,1,0,0,1
everywheres,0,1,0,1
sauté,1,0,0,1
lowered,1,2,0,3
apollo,0,1,0,1
basin,0,2,0,2
count,1,1,0,2
detestable,0,1,0,1
places,1,1,1,3
triumphant,0,1,0,1
placed,0,3,1,4
bearing,1,0,0,1
nurses,0,0,1,1
recognize,0,0,1,1
nursed,1,0,0,1
effected,0,0,1,1
variety,0,0,1,1
trials,0,1,1,2
lately,0,1,0,1
behold,0,3,0,3
illusion,0,0,2,2
reckless,0,1,0,1
repeat,1,2,0,3
monday,0,1,0,1
tides,0,0,2,2
stringy,1,0,0,1
turneth,0,1,0,1
chance,0,0,4,4
repeal,1,0,0,1
veil,0,3,0,3
dolphins,1,0,0,1
ghost,2,2,0,4
squinch,1,0,0,1
hoots,0,1,0,1
rule,0,2,0,2
eddies,1,0,0,1
hedges,0,1,1,2
abhor,0,0,2,2
magnetic,0,1,0,1
all,65,109,82,256
oldest,0,1,0,1
saved,2,2,0,4
adorning,0,1,0,1
stinks,1,0,0,1
stinky,1,0,0,1
endings,1,0,0,1
daze,0,0,2,2
entryways,1,0,0,1
sped,1,1,0,2
plaintive,0,1,0,1
worth,1,2,3,6
ale,1,0,1,2
compassion,0,1,0,1
blanket,1,0,0,1
knowest,0,2,0,2
bewildered,0,2,0,2
daydream,0,0,1,1
pinch,1,0,0,1
relentlessly,0,0,1,1
humidity,1,0,0,1
arrayed,0,1,0,1
poppy,0,1,0,1
triumph,1,1,0,2
chew,1,0,0,1
monotonous,1,0,0,1
bubbling,0,1,0,1
horn,1,5,0,6
preacher,0,0,1,1
dwindles,0,0,1,1
machines,2,0,0,2
decadence,0,0,1,1
birdcall,1,0,0,1
above,10,12,11,33
churches,1,0,0,1
told,2,13,2,17
admirers,0,1,0,1
jolts,1,0,0,1
wanton,0,1,0,1
daughter,1,1,0,2
study,2,0,0,2
smoke,4,5,0,9
browsing,1,0,0,1
glittering,1,0,1,2
secure,0,1,0,1
naugahyde,1,0,0,1
darlings,0,2,0,2
vapors,0,0,1,1
thrust,0,2,0,2
thursday,0,1,0,1
hindsight,0,0,1,1
glance,1,3,1,5
total,0,0,1,1
catafalque,1,0,0,1
indians,2,0,0,2
chooses,0,2,0,2
insult,1,0,0,1
bilge,1,0,0,1
reign,0,1,0,1
pierced,1,1,0,2
separates,1,0,0,1
handkerchiefs,1,0,0,1
word,8,8,2,18
wore,3,1,0,4
divorced,0,1,0,1
crest,0,1,0,1
work,5,8,9,22
worn,1,3,1,5
ere,0,4,0,4
groves,0,3,0,3
mechanic,1,0,0,1
blooming,0,1,0,1
could,33,21,24,78
quiver,0,1,1,2
quivering,1,0,0,1
flung,1,1,0,2
indifferent,2,0,0,2
provide,0,0,1,1
agony,1,1,0,2
hosannas,1,0,0,1
recovers,0,1,0,1
rewind,0,0,1,1
boats,2,1,0,3
resignation,1,0,0,1
offshore,1,0,0,1
fever,2,0,0,2
lad,0,6,0,6
after,13,6,6,25
lay,7,4,6,17
midlands,0,1,0,1
law,0,3,0,3
lap,2,1,0,3
austere,1,0,0,1
fatherless,0,1,0,1
greet,1,0,0,1
greek,0,1,0,1
green,12,8,2,22
ultraviolet,1,0,0,1
order,0,1,0,1
greed,0,2,1,3
infested,1,0,0,1
office,0,1,0,1
nets,1,0,0,1
mayor,0,1,1,2
bombing,0,1,0,1
somewhere,2,0,0,2
brawling,0,2,0,2
then,49,39,26,114
them,34,24,7,65
woken,0,0,1,1
fragment,1,0,0,1
thee,0,26,1,27
safe,1,3,1,5
collide,0,0,1,1
break,4,0,3,7
bang,3,0,0,3
squadrons,0,1,0,1
penetration,0,0,1,1
they,90,60,30,180
soothing,0,0,2,2
bank,0,1,0,1
bread,3,1,1,5
rocky,0,0,1,1
oxygen,1,0,0,1
reasonably,1,0,0,1
tyranny,0,1,0,1
rocks,3,3,0,6
puppet,0,1,0,1
lifted,3,3,0,6
logs,0,1,0,1
sled,1,3,0,4
dogskin,1,0,0,1
flock,0,1,0,1
hazels,0,1,0,1
whining,1,0,0,1
burlap,1,0,0,1
forty,2,1,0,3
fellows,0,1,0,1
strangers,4,2,0,6
remorse,0,1,0,1
medicine,3,0,0,3
forth,4,4,1,9
sliding,0,2,0,2
putrescent,0,1,0,1
barrier,0,0,1,1
colorless,1,0,1,2
firecoal,0,1,0,1
sunning,0,1,0,1
dashing,0,0,1,1
ungraspable,1,0,0,1
dammit,2,0,0,2
renew,0,1,0,1
oppose,1,0,0,1
incorporated,1,0,0,1
chopped,2,0,0,2
render,0,1,0,1
pots,1,0,0,1
railroads,0,2,0,2
guzzle,1,0,0,1
another,10,5,10,25
thoughtfully,0,0,1,1
thick,1,4,0,5
tangle,0,1,0,1
swatting,0,0,1,1
rates,0,1,0,1
fumble,0,1,0,1
danville,0,0,1,1
starch,0,1,0,1
john,0,1,1,2
dogs,0,2,0,2
chanted,1,0,0,1
emblem,0,1,0,1
wastes,0,1,0,1
wasted,1,0,1,2
toronto,1,0,0,1
mercy,3,1,0,4
swaddling,1,0,0,1
scenes,2,1,0,3
seated,0,1,0,1
merci,1,0,0,1
guilt,1,1,2,4
iron,2,4,0,6
devious,0,1,0,1
tipping,1,0,0,1
linderman,1,0,0,1
constellations,1,0,0,1
vastness,0,1,0,1
enchanted,0,2,0,2
manner,0,1,0,1
stalls,1,0,0,1
contents,1,0,0,1
strength,1,6,2,9
realm,0,2,0,2
laden,0,0,1,1
elation,0,0,1,1
rome,0,2,0,2
thundering,0,1,0,1
snowflake,0,1,0,1
maiden,0,2,0,2
circlet,1,0,0,1
sue,0,1,0,1
germany,1,0,0,1
where'er,0,1,0,1
phase,1,0,0,1
grave,3,9,0,12
aunt,0,4,0,4
deeply,0,0,1,1
junipers,0,1,0,1
sum,0,1,0,1
subtly,0,1,0,1
wrung,2,1,0,3
subtle,0,0,1,1
squirmed,0,1,0,1
deepest,0,0,2,2
frogmarched,1,0,0,1
belching,0,1,0,1
do,24,32,77,133
cappuccino,0,0,3,3
agape,1,0,1,2
de,0,1,0,1
gored,1,0,0,1
haunted,1,0,0,1
happiest,0,0,1,1
dr,0,0,1,1
runs,2,2,1,5
covering,0,1,0,1
gears,1,0,0,1
steal,0,1,0,1
steam,2,1,1,4
turmoil,0,1,0,1
unmake,0,1,0,1
damnation,0,1,0,1
cattle,2,0,0,2
techniques,2,0,0,2
pastel,1,0,0,1
draws,1,3,0,4
away,25,22,22,69
unable,1,0,0,1
drawn,1,2,1,4
caves,2,1,1,4
shields,0,1,0,1
we,106,109,85,300
wi,0,3,0,3
admirals,0,1,0,1
unfold,2,1,0,3
kitchen,2,0,0,2
received,0,1,0,1
climate,1,0,0,1
cow,0,1,0,1
excrement,1,0,0,1
ill,1,3,1,5
brac,0,1,0,1
steer,0,1,0,1
groans,2,0,0,2
con,1,0,0,1
prefers,0,1,0,1
tough,1,0,3,4
spear,0,1,0,1
cadenced,2,0,0,2
bestows,0,1,0,1
sardines,3,0,0,3
wider,0,1,0,1
oblivious,0,0,1,1
heals,0,1,0,1
speak,1,3,1,5
twilights,0,1,0,1
engines,2,0,0,2
condemned,2,0,0,2
warmth,0,0,1,1
families,1,0,1,2
easy,2,0,1,3
relaxing,0,0,1,1
hoist,0,1,0,1
contestant,1,0,0,1
has,24,44,17,85
harms,0,1,0,1
pungent,1,0,0,1
air,12,19,6,37
aim,0,0,1,1
voluminous,0,1,0,1
warbled,0,1,0,1
aid,0,2,0,2
property,1,0,0,1
moan,0,5,1,6
mistake,0,1,2,3
plover,0,1,0,1
crowning,0,0,1,1
sting,2,0,0,2
skipping,1,0,0,1
tissue,0,1,0,1
brake,0,0,1,1
cone,1,0,0,1
soldier,1,3,0,4
perform,1,0,0,1
jerry,0,1,0,1
descend,1,1,0,2
plates,1,2,0,3
wheel,3,0,0,3
idyl,0,1,0,1
springing,0,1,0,1
hang,0,2,1,3
evil,3,5,1,9
hand,14,14,14,42
selfless,0,0,1,1
blamed,0,1,0,1
railspike,1,0,0,1
kept,2,0,0,2
whereby,0,3,0,3
thy,0,43,5,48
humble,0,6,0,6
sullenly,1,0,0,1
the,1219,1391,517,3127
marsupials,1,0,0,1
mingle,0,1,1,2
gods,1,3,0,4
repose,2,0,0,2
farther,0,0,1,1
tramples,0,1,0,1
hills,4,5,2,11
shout,0,3,0,3
spread,1,2,1,4
transformed,1,1,0,2
board,0,1,0,1
righteous,0,1,0,1
photographed,0,1,0,1
innsbruck,0,1,0,1
keats,1,0,0,1
boxes,5,0,0,5
barge,1,0,0,1
hairless,1,0,0,1
lily,0,1,0,1
lapsed,0,1,0,1
night,30,46,16,92
starvation,1,0,0,1
honored,2,0,0,2
sends,2,0,0,2
flatter,0,1,0,1
briars,1,0,0,1
eyeing,1,0,0,1
born,2,12,2,16
bore,0,1,1,2
orchid,0,1,0,1
festers,0,1,0,1
climacteric,1,0,0,1
humor,1,0,0,1
purple,0,4,0,4
nuzzled,1,0,0,1
denied,1,0,0,1
beating,0,1,1,2
dovelike,0,1,0,1
peel,1,0,1,2
confer,0,1,0,1
angering,1,0,0,1
substitution,2,0,0,2
taker,0,1,0,1
post,1,1,0,2
robotically,0,0,1,1
banked,1,0,0,1
diner,1,0,0,1
fiies,0,1,0,1
theirs,1,1,0,2
newspapers,2,0,0,2
months,0,0,2,2
horizon,0,2,0,2
cherish,1,1,3,5
dilemma,0,0,1,1
mantle,0,1,1,2
scuppers,0,1,0,1
prisoners,1,0,0,1
float,1,1,0,2
viewless,0,1,0,1
stumble,0,1,1,2
ole,0,1,0,1
strangely,1,1,0,2
deception,0,1,0,1
wailed,0,1,0,1
redbirds,1,0,0,1
tumblers,1,0,0,1
fight,1,1,4,6
accordingly,0,1,0,1
dews,0,1,0,1
way,20,7,23,50
wax,0,1,0,1
accords,0,1,0,1
quirky,0,0,1,1
was,79,74,65,218
war,3,14,3,20
becoming,1,0,0,1
vitality,1,0,0,1
taken,2,2,1,5
boon,0,1,0,1
astonished,1,0,1,2
cedes,0,0,1,1
true,6,5,30,41
absent,1,1,0,2
dowry,0,1,0,1
braver,1,0,0,1
captive,0,1,0,1
invincible,0,1,0,1
crystal,1,0,0,1
anew,1,0,2,3
unusually,1,0,0,1
prayed,0,2,0,2
promises,1,0,2,3
promiser,0,1,0,1
guesses,0,1,0,1
tweilen,0,1,0,1
evidence,1,0,0,1
manure,1,0,0,1
howling,0,2,0,2
guessed,1,0,0,1
promised,0,1,0,1
prayer,1,2,0,3
wintry,0,1,0,1
mold,2,0,0,2
mole,1,0,0,1
flap,1,1,0,2
dying,6,5,3,14
meanness,1,0,0,1
reality,3,0,5,8
interested,2,0,1,3
holding,4,1,5,10
test,1,0,0,1
unwilling,0,0,1,1
shrink,0,1,0,1
brothers,3,1,0,4
o'clock,0,2,0,2
welcome,1,3,0,4
cheated,0,0,2,2
together,11,4,17,32
beds,0,2,0,2
songs,0,2,0,2
concept,0,1,1,2
dance,2,6,2,10
battle,1,3,3,7
layers,1,0,0,1
certainly,0,1,0,1
mounted,1,3,0,4
grape,1,0,0,1
zone,0,1,0,1
hums,0,0,1,1
flash,5,1,0,6
aristocratic,0,1,0,1
rhythm,1,0,1,2
terror,2,2,1,5
shakespeare,0,1,0,1
brown,4,3,2,9
pondered,0,1,0,1
seemingly,1,0,0,1
anonymous,1,0,0,1
trouble,1,1,0,2
dumbshow,1,0,0,1
brows,0,1,0,1
turns,0,1,4,5
auld,0,0,1,1
fragile,1,0,0,1
gun,3,1,0,4
p,0,0,1,1
brine,0,1,0,1
gut,0,0,1,1
guy,4,0,1,5
woven,0,0,1,1
brave,2,3,0,5
temples,1,2,0,3
bedroom,2,0,0,2
discover,1,1,0,2
cost,1,0,1,2
helpless,1,0,1,2
tempest,0,1,0,1
curse,0,2,1,3
appear,2,0,2,4
wolfe,0,1,0,1
shared,0,0,3,3
appeal,0,1,0,1
blotched,1,0,0,1
supporting,1,0,0,1
nothen,0,1,0,1
aline,0,1,0,1
genes,1,0,0,1
whiteness,0,1,0,1
pause,0,2,0,2
hadn't,3,1,0,4
roaring,1,1,0,2
hoops,0,1,0,1
appears,2,1,0,3
change,1,7,7,15
sending,1,0,0,1
merriment,0,2,0,2
flames,2,1,0,3
trial,1,0,0,1
bangs,1,0,0,1
usually,1,0,0,1
pillow,2,0,1,3
mellowed,0,1,0,1
should,7,18,7,32
market,1,2,0,3
primrose,0,1,0,1
prove,0,1,0,1
live,8,12,11,31
angels,0,1,0,1
hesitates,1,0,0,1
entrance,1,0,0,1
countertop,1,0,0,1
towers,0,4,1,5
repentance,0,0,1,1
clue,0,0,1,1
hesitated,1,0,0,1
fingered,3,0,0,3
trilling,1,0,0,1
car,7,0,1,8
cap,2,0,0,2
cat,4,2,0,6
decker,0,1,0,1
hardest,0,0,3,3
gathers,1,0,0,1
can,27,28,44,99
unmourned,1,0,0,1
fortifies,0,1,0,1
breeds,0,1,0,1
heart,8,49,65,122
gaston,1,0,0,1
pauses,1,0,0,1
saith,0,2,0,2
december,2,1,0,3
chip,1,0,0,1
didn't,8,1,6,15
heard,13,10,7,30
purity,0,1,1,2
occur,0,0,1,1
bankrupt,0,1,0,1
spreads,0,1,1,2
trophies,1,1,0,2
write,4,2,2,8
flank,1,0,0,1
gaping,0,1,0,1
nonstop,1,0,0,1
product,1,0,0,1
neat,0,2,0,2
ponies,1,1,0,2
lifting,2,3,0,5
indifferently,1,0,0,1
remember,2,1,9,12
whenever,0,1,0,1
candles,2,1,0,3
crept,1,2,1,4
laff,0,1,0,1
serving,0,2,0,2
indeed,0,1,0,1
colt,0,1,0,1
displayed,0,0,1,1
brain,2,7,0,9
stile,0,1,0,1
cold,11,11,6,28
still,30,21,26,77
birds,2,6,2,10
freckled,0,1,0,1
willow,1,0,0,1
blackbirds,1,0,0,1
reaping,0,2,0,2
inflicted,0,0,2,2
forms,0,3,0,3
window,9,6,3,18
showered,0,0,1,1
noo,0,1,0,1
fling,0,1,0,1
lumbering,1,0,0,1
tails,2,0,0,2
half,9,19,1,29
not,77,105,63,245
now,35,35,46,116
hall,1,2,1,4
halo,0,1,0,1
enacted,0,1,0,1
wont,0,1,4,5
streaks,0,1,0,1
sop,0,1,0,1
servant,0,1,0,1
james,1,1,0,2
drop,5,2,2,9
entirely,0,1,0,1
em,2,0,0,2
mould,0,1,1,2
en,1,0,0,1
stooping,0,1,0,1
hurried,2,0,0,2
fires,2,5,0,7
ex,0,0,1,1
year,9,3,6,18
hymns,0,1,1,2
pills,1,0,0,1
shown,1,0,2,3
opened,4,2,2,8
avore,0,1,0,1
space,2,6,1,9
furthermore,0,1,0,1
thirst,0,1,1,2
hastily,0,1,0,1
looking,11,7,7,25
clanked,0,1,0,1
shows,0,1,0,1
rebuilding,0,1,0,1
helmund,0,1,0,1
cars,5,0,2,7
cart,1,0,0,1
rebel,0,1,0,1
marine,1,0,0,1
care,3,5,15,23
waxy,1,0,0,1
milestones,0,1,0,1
domes,0,1,0,1
british,0,1,0,1
langucge,0,1,0,1
tangled,0,0,1,1
invitation,1,1,0,2
profess,1,0,0,1
blind,3,4,4,11
tennis,1,0,0,1
shears,0,1,0,1
mockest,0,1,0,1
striking,1,0,0,1
sojourner,0,0,1,1
yourself,4,3,4,11
untrue,0,1,0,1
pliant,1,0,0,1
ring,5,1,1,7
tame,1,0,0,1
tomorrow,0,1,8,9
size,2,0,0,2
sheep,0,2,0,2
sheer,0,1,1,2
sheet,0,2,0,2
silent,3,6,2,11
caught,3,3,1,7
breed,1,2,0,3
blackening,0,1,0,1
friend,11,10,10,31
thaw,0,1,0,1
mostly,2,0,0,2
that,119,232,163,514
pittsburgh,2,0,0,2
brains,0,3,1,4
wronging,1,0,0,1
geraniums,0,1,0,1
baja,1,0,0,1
flowers,7,5,3,15
than,5,30,8,43
television,1,0,0,1
artificer,1,0,0,1
magnesium,1,0,0,1
fruits,0,2,0,2
extinguish,0,1,0,1
fruity,1,0,0,1
sublime,0,3,1,4
chlorophyll,0,0,1,1
angel,0,0,10,10
remained,1,0,2,3
slat,2,0,0,2
twinkled,0,1,0,1
mwore,0,2,0,2
slam,0,0,1,1
anger,0,0,2,2
breakfast,1,0,1,2
tympani,1,0,0,1
offering,1,0,0,1
lumps,1,0,0,1
inked,1,0,0,1
overcoming,0,1,0,1
snout,1,0,0,1
hookah,0,1,0,1
packed,2,0,1,3
topping,1,0,0,1
price,0,0,2,2
successive,1,1,0,2
],0,1,0,1
forever,2,1,14,17
dream,5,8,10,23
steady,3,1,0,4
mrs,1,0,0,1
sunset,0,3,1,4
slaves,5,2,0,7
pattern,1,4,0,5
rambling,1,0,0,1
german,0,1,0,1
fifty,1,0,0,1
discovered,1,0,0,1
quidding,0,1,0,1
geography,1,0,0,1
palpitant,0,1,0,1
nemesis,0,0,1,1
busily,1,1,0,2
stair,0,1,0,1
stained,5,0,0,5
only,21,23,25,69
chopin,0,1,0,1
stain,1,3,1,5
shrill,0,1,0,1
uncomely,0,1,0,1
'tis,0,1,0,1
truly,1,0,3,4
loath,0,1,0,1
cannot,2,7,2,11
bracelets,0,1,0,1
stroll,1,0,0,1
leather,3,0,0,3
sorrowfully,0,1,0,1
husband,2,5,0,7
concert,0,1,0,1
burst,0,1,0,1
famine,0,1,0,1
asleep,4,0,0,4
staunch,0,2,0,2
sport,0,2,0,2
concern,0,0,1,1
crawfish,0,1,0,1
colours,0,1,0,1
3,1,0,0,1
between,11,4,2,17
notice,4,2,2,8
pluck,0,1,0,1
blame,0,1,1,2
hurts,0,0,4,4
moans,0,1,0,1
nile,2,0,0,2
comet,1,0,0,1
wheels,3,2,0,5
comes,9,12,8,29
madness,1,3,0,4
jeans,1,0,1,2
couldn't,5,0,2,7
proved,0,1,0,1
wolds,0,1,0,1
cycling,1,0,0,1
cares,1,0,1,2
rebuild,0,0,1,1
informed,0,1,0,1
odes,0,1,0,1
tropical,1,0,0,1
homely,1,0,0,1
figured,0,1,0,1
rubs,2,0,0,2
stems,1,0,0,1
sticky,1,0,0,1
ruby,0,1,0,1
these,19,13,14,46
trick,1,1,0,2
freely,2,0,0,2
scum,1,0,0,1
cassio,0,1,0,1
zenith,0,0,1,1
soil,5,2,0,7
figurines,1,0,0,1
embrace,1,2,2,5
heels,1,0,0,1
return,2,1,0,3
bareheaded,0,1,0,1
floating,1,0,1,2
worry,0,0,1,1
northward,0,1,0,1
develop,0,0,1,1
gentlemen,0,1,0,1
streams,0,3,0,3
noble,0,1,0,1
finish,1,0,1,2
centuries,1,0,0,1
foam,0,3,0,3
fruit,3,2,2,7
unasked,1,0,0,1
swallow,0,1,0,1
traps,1,0,0,1
immeasurably,0,1,0,1
breeze,1,2,3,6
severn,0,1,0,1
muleteer,0,1,0,1
charged,2,0,0,2
excel,0,1,0,1
dancers,0,1,1,2
briscoe,1,0,0,1
shouts,0,1,0,1
foot,2,2,0,4
slugger,0,1,0,1
touch,6,2,12,20
speed,1,2,0,3
death,11,17,4,32
kanemitsu,1,0,0,1
thinking,5,0,13,18
senseless,0,0,1,1
bloodpump,1,0,0,1
verse,0,1,0,1
quickens,0,0,1,1
struck,1,2,1,4
swim,1,1,0,2
propped,1,0,0,1
frown,0,1,1,2
read,6,6,0,12
ruler,0,1,0,1
gonna,0,0,3,3
early,1,2,1,4
earnest,0,4,0,4
listening,4,1,0,5
using,0,0,1,1
lady,4,5,0,9
rear,0,1,0,1
fortune,0,2,1,3
wordlessly,0,1,0,1
beechwood,1,0,0,1
greeting,0,1,0,1
wisdoms,1,0,0,1
trailed,1,0,0,1
blackberry,2,0,0,2
downward,0,1,0,1
twelve,3,3,0,6
squills,0,3,0,3
insanities,0,2,0,2
moulders,1,0,0,1
passions,0,1,0,1
squire,0,1,0,1
slicked,1,0,0,1
forks,0,1,0,1
flourishing,0,1,0,1
cleansed,0,1,0,1
nuggets,1,0,0,1
wheat,2,2,1,5
business,3,2,0,5
strained,0,1,0,1
1932,1,0,0,1
innocence,0,3,1,4
sixty,2,0,1,3
leftover,1,0,0,1
throw,2,1,2,5
central,1,1,0,2
intolerable,0,1,0,1
fell,5,4,17,26
wold,0,1,0,1
heavy,4,7,2,13
chevrons,1,0,0,1
rolling,1,2,0,3
your,51,47,108,206
stare,4,2,4,10
logics,0,0,1,1
jowl,1,0,0,1
stark,0,1,0,1
start,4,1,10,15
lop,1,0,0,1
cats,1,1,0,2
low,1,10,2,13
lot,3,1,4,8
gunnery,0,1,0,1
groan,1,0,0,1
pitcher,1,0,0,1
pitched,1,0,0,1
trying,3,0,4,7
comics,0,1,0,1
sadness,1,1,3,5
harried,0,1,0,1
tones,0,2,0,2
bucked,1,0,0,1
beliefs,0,0,1,1
thoughtvul,0,1,0,1
describe,1,0,2,3
moved,5,0,0,5
salem,1,0,0,1
trickled,1,0,0,1
mover,1,0,0,1
moves,2,2,0,4
selfishly,0,1,0,1
trample,0,1,0,1
evenings,0,1,0,1
you,147,142,455,744
poor,3,14,0,17
poop,0,1,0,1
drift,1,0,0,1
peas,1,0,0,1
pool,2,0,0,2
building,3,0,1,4
mourned,1,0,0,1
unbind,0,1,0,1
cored,0,1,0,1
repay,0,2,0,2
embracing,0,0,1,1
strings,1,0,0,1
since,1,8,3,12
tomorrows,0,0,2,2
month,1,6,0,7
ceased,0,1,1,2
carpet,0,1,0,1
dreadful,0,2,0,2
chain,0,1,0,1
gunman,0,1,0,1
fervor,0,0,1,1
fountain,1,4,0,5
candelabrum,1,0,0,1
clubbed,1,0,0,1
very,6,15,9,30
horror,1,2,0,3
bombarded,1,0,0,1
coloured,0,1,0,1
verb,1,0,0,1
decide,1,6,0,7
headgear,0,1,0,1
robed,0,0,1,1
heaven,3,17,4,24
issue,0,1,0,1
smith,0,2,0,2
fence,2,0,1,3
gayle,0,0,1,1
streets,4,2,0,6
unheard,0,1,0,1
nearing,0,1,0,1
unblinking,1,0,0,1
heralds,0,1,0,1
darkness,7,2,5,14
consumers,1,0,0,1
emotions,0,0,3,3
run,3,4,4,11
fo'c,0,1,0,1
learned,0,1,2,3
edited,1,0,0,1
recruits,1,0,0,1
loose,1,1,2,4
tracks,2,0,0,2
trunk,1,0,0,1
praises,0,1,0,1
strong,1,14,7,22
lunchpails,1,0,0,1
colored,1,3,1,5
ahead,1,0,6,7
drawers,1,0,0,1
amount,1,0,1,2
uniquely,0,1,0,1
shuffle,0,0,1,1
family,1,2,4,7
tenderer,0,1,0,1
disgusting,1,0,0,1
tendered,1,0,0,1
aimed,1,0,0,1
trained,1,0,0,1
toys,0,1,0,1
unpleasantness,1,0,0,1
earliest,2,0,0,2
flaws,0,1,1,2
takes,3,3,3,9
answered,0,3,0,3
almost,10,1,1,12
mysterious,0,0,1,1
chestnut,1,1,0,2
brinded,0,1,0,1
fusses,0,1,0,1
quickening,0,1,0,1
excuse,0,2,0,2
broke,8,4,1,13
hurry,2,0,1,3
pretense,0,1,0,1
hardware,0,1,0,1
sweeps,2,0,0,2
nine,0,3,0,3
history,1,1,1,3
curtsey,0,1,0,1
pushed,5,0,2,7
cows,1,0,0,1
firmly,1,1,0,2
drough,0,1,0,1
ledges,0,1,0,1
ostriches,0,1,0,1
stayed,1,2,1,4
shrouds,1,0,0,1
foresees,0,0,1,1
adazzle,0,1,0,1
rapists,0,0,1,1
tried,0,2,1,3
rude,1,0,0,1
tries,2,1,1,4
finality,0,0,1,1
a,438,404,235,1077
drear,0,1,0,1
spectre,0,1,0,1
dread,1,1,1,3
egg,3,1,0,4
crafty,0,1,0,1
enslavement,0,1,0,1
help,1,1,5,7
urine,1,0,0,1
soon,8,5,4,17
held,4,3,2,9
committed,0,1,0,1
helm,0,2,0,2
hell,2,8,4,14
movest,0,1,0,1
reluctance,1,1,0,2
teeming,0,1,0,1
actually,2,0,1,3
absence,1,0,1,2
radical,0,1,0,1
tumbling,0,0,1,1
haven't,2,0,1,3
finer,0,1,0,1
fool,0,4,1,5
evening,2,12,1,15
food,1,2,2,5
ye,0,2,0,2
sweeping,1,0,0,1
towering,1,0,0,1
lightens,0,0,1,1
nectar,0,1,0,1
unaccompanied,0,1,0,1
imprisoned,0,0,1,1
sundays,1,0,0,1
fully,2,0,0,2
bless,1,0,1,2
stopped,4,3,1,8
predators,1,0,0,1
blest,0,2,0,2
fairy,0,2,0,2
isn't,5,0,3,8
flashbacks,0,0,1,1
restless,0,1,0,1
jaws,1,0,0,1
beyond,4,8,1,13
event,1,0,0,1
travels,1,0,0,1
wedlock,0,1,0,1
visions,0,1,1,2
surrounded,0,0,3,3
testify,1,0,0,1
jolly,0,1,0,1
sustain,0,0,1,1
shrivel,1,0,0,1
outrun,0,1,0,1
gardener,0,1,0,1
ass,2,0,0,2
bald,1,0,0,1
keening,0,1,0,1
housed,1,1,0,2
dirt,12,1,2,15
dung,1,0,0,1
pub,0,0,1,1
labs,1,0,0,1
houses,3,0,0,3
reason,2,4,6,12
base,1,0,1,2
brightest,0,1,0,1
dire,1,0,0,1
ask,4,3,3,10
ash,1,0,0,1
bask,0,1,0,1
heroic,0,1,0,1
launch,1,0,0,1
spruces,0,1,0,1
persuading,0,1,0,1
terrible,6,3,0,9
bridegroom,0,1,0,1
terribly,0,0,1,1
expecting,1,1,0,2
scouts,0,1,0,1
heartbeat,0,0,1,1
blush,0,2,0,2
sacrifice,0,1,2,3
mr,3,1,1,5
knocking,1,1,0,2
reflected,0,2,0,2
hebron,1,0,0,1
infinite,0,2,0,2
talked,0,2,0,2
rails,0,1,0,1
mist,2,2,3,7
miss,0,2,4,6
horse,3,1,0,4
powerless,0,1,0,1
blossom,1,5,0,6
belongs,0,1,0,1
station,0,0,1,1
mosaic,0,1,0,1
trails,0,1,0,1
hundred,2,2,0,4
banana,0,1,0,1
merciless,0,1,0,1
shifted,1,0,0,1
bowed,0,1,0,1
jacklight,1,0,0,1
trapped,2,0,1,3
jamie,0,0,1,1
minutest,1,0,0,1
jordan,1,0,0,1
boredom,1,1,1,3
blindly,2,0,0,2
grocery,0,0,1,1
grew,1,2,0,3
kindly,0,2,0,2
lament,0,1,1,2
anticipate,0,1,0,1
grey,1,9,5,15
bride,0,2,1,3
toward,7,2,2,11
charlotte,0,0,1,1
bridles,0,1,0,1
exemplum,1,0,0,1
juice,1,0,0,1
sentences,1,0,0,1
yeet,0,1,0,1
sensual,0,1,0,1
lid,0,1,0,1
lie,7,9,10,26
lil,0,0,3,3
lim,0,1,0,1
flaming,1,0,0,1
lit,3,3,0,6
lip,3,1,2,6
useless,0,2,0,2
seemliness,1,0,0,1
towards,0,2,1,3
quoth,0,1,0,1
quote,1,0,0,1
bridle,0,1,0,1
eaten,0,1,0,1
comparisons,1,0,0,1
approved,0,1,0,1
clear,8,4,1,13
asters,0,1,0,1
poured,0,1,0,1
clean,11,2,0,13
latest,0,2,0,2
blend,0,1,0,1
hips,0,0,1,1
stalked,0,0,1,1
stunned,2,0,0,2
flicker,0,1,0,1
booze,1,0,0,1
heavens,0,1,0,1
justice,1,2,0,3
flesh,7,3,0,10
flights,0,1,0,1
explodes,1,0,0,1
pretty,4,2,3,9
circle,2,0,0,2
somalia,0,0,1,1
plank,0,1,0,1
trees,20,5,5,30
speckled,1,0,0,1
famous,2,0,0,2
feels,3,0,5,8
pretending,0,0,1,1
during,1,0,0,1
chimney,1,0,0,1
gloved,1,0,0,1
poisoner,0,1,0,1
perfume,1,0,0,1
thwarts,1,0,0,1
gloves,1,0,0,1
laffed,0,1,0,1
poisoned,0,0,1,1
seventeen,1,0,0,1
throwing,0,0,1,1
plough,0,4,0,4
culture,0,1,0,1
close,6,2,3,11
patties,1,0,0,1
unrecognizable,0,1,0,1
pictures,1,1,1,3
dramatics,0,0,1,1
woo,0,2,0,2
won,0,1,1,2
forked,0,1,0,1
durst,0,1,0,1
pictured,1,1,0,2
piss,1,0,0,1
invisibly,1,0,0,1
unconscious,1,0,0,1
missing,1,1,1,3
generous,0,1,0,1
spray,1,1,1,3
ranked,0,1,0,1
invisible,2,2,1,5
understanding,2,1,1,4
kneeled,1,0,0,1
both,10,2,3,15
wouldn't,5,1,2,8
adored,0,0,1,1
forgotten,1,4,1,6
vault,0,3,0,3
secrete,1,0,0,1
searchlights,1,0,0,1
unrelenting,0,1,0,1
liked,2,1,1,4
headed,1,0,0,1
battery,0,1,0,1
whatever,3,2,1,6
likes,0,0,5,5
vessel,1,1,0,2
raimented,0,1,0,1
wer,0,1,0,1
damp,2,0,0,2
describes,0,0,1,1
damn,1,0,0,1
coarse,1,1,0,2
empty,7,2,4,13
dame,1,0,0,1
lived,1,1,4,6
partly,0,1,0,1
presitge,0,1,0,1
wet,4,4,0,8
else,8,1,4,13
recalled,1,0,0,1
intriguing,0,0,1,1
loom,1,0,0,1
soiled,1,0,0,1
look,14,14,23,51
rope,1,1,0,2
dusty,1,1,1,3
while,19,19,19,57
exuding,1,1,0,2
smart,1,0,0,1
fleet,0,1,0,1
guide,2,2,2,6
sombre,0,1,0,1
pack,1,0,0,1
petal,3,0,0,3
reads,1,0,0,1
loosened,1,1,0,2
ready,1,1,2,4
anymore,0,0,1,1
grant,0,2,0,2
belong,1,1,1,3
shuttered,1,0,0,1
squiggly,0,0,1,1
madly,0,1,0,1
grand,0,3,2,5
composition,1,0,0,1
conflict,0,1,0,1
hallway,0,0,1,1
used,3,4,10,17
dime,1,1,1,3
paperclips,1,0,0,1
000,3,0,0,3
haunting,1,0,2,3
brussels,0,0,1,1
tufts,1,1,0,2
older,2,1,1,4
leggèd,0,1,0,1
poland,1,0,0,1
obviously,1,0,0,1
calibrated,1,0,0,1
trance,0,2,0,2
grins,0,0,1,1
cedar,0,1,0,1
olden,0,1,0,1
distances,1,2,0,3
cave,2,0,0,2
bearer,0,1,0,1
shivering,1,2,0,3
desk,1,0,0,1
praying,2,0,0,2
afro,1,0,0,1
wounding,1,0,0,1
cherries,0,1,0,1
questioned,0,2,0,2
elves,1,0,0,1
march,0,2,0,2
lacking,1,1,0,2
showing,2,0,4,6
game,1,1,2,4
áll,0,1,0,1
wings,4,8,3,15
baseness,0,1,0,1
signal,1,0,0,1
strife,0,1,0,1
donne,0,0,1,1
sifts,0,1,0,1
crawled,1,0,0,1
softness,0,3,0,3
mathematical,0,1,0,1
parade,0,1,0,1
fathers,0,2,0,2
some,23,22,9,54
lips,3,5,3,11
entwining,0,1,0,1
savage,0,4,0,4
pounding,0,0,1,1
scullion,0,2,0,2
trotters,1,0,0,1
sweating,0,1,0,1
claimed,0,1,0,1
eating,4,0,0,4
rug,1,0,0,1
step,5,3,4,12
stew,1,1,1,3
lasts,0,1,0,1
nerves,1,0,0,1
plots,1,0,0,1
smothered,0,2,0,2
abroad,0,1,0,1
shine,2,4,1,7
bedmates,1,0,0,1
southwester,0,1,0,1
hinge,1,0,0,1
aye,0,1,0,1
shiny,2,0,0,2
block,1,0,0,1
miracles,0,0,3,3
seeing,3,0,4,7
within,2,8,13,23
resignedly,0,2,0,2
gilt,0,1,0,1
parables,0,1,0,1
sprawled,1,1,0,2
rolls,0,2,0,2
smells,1,0,0,1
caressed,0,1,0,1
cherished,1,1,0,2
achievement,1,0,0,1
disallowed,0,1,0,1
himself,5,9,0,14
dips,0,1,0,1
frost,2,3,1,6
mulberry,2,0,0,2
reed,0,1,0,1
whines,1,0,0,1
reef,1,0,0,1
branch,1,1,0,2
reiterates,0,1,0,1
reek,0,1,0,1
reel,1,0,0,1
dull,0,5,7,12
starvelings,1,0,0,1
skull,2,1,0,3
stumbling,0,0,1,1
limpid,0,1,0,1
lords,0,1,0,1
accustomed,0,1,0,1
wicked,0,1,1,2
ancestors,0,0,1,1
dashed,0,1,0,1
fears,0,3,2,5
department,1,0,0,1
indecipherable,1,0,0,1
smiles,0,5,1,6
draw,1,4,0,5
venerable,1,0,0,1
crouching,0,1,0,1
william,0,1,0,1
drag,1,1,0,2
smiled,3,2,0,5
approving,0,1,0,1
restrained,0,1,0,1
thundered,0,1,0,1
e,0,0,1,1
frà,0,3,0,3
bleached,1,0,0,1
heath,0,1,0,1
depth,0,1,0,1
ignorant,0,1,0,1
berries,2,0,0,2
sounded,0,1,0,1
rakish,0,1,0,1
go,28,26,25,79
kate,0,2,0,2
cozily,1,0,0,1
shackles,2,0,0,2
baron,0,1,0,1
aria,1,0,0,1
nose,2,4,0,6
ripened,1,0,0,1
suite,0,0,2,2
grimly,0,1,0,1
friendly,0,2,1,3
pinnacles,0,1,0,1
schooner,0,1,0,1
murderous,0,1,0,1
flinging,0,1,0,1
portfolios,0,1,0,1
prudence,0,2,0,2
wave,1,5,4,10
rebuked,0,1,0,1
telling,3,1,3,7
kindled,0,1,0,1
excruciating,1,0,0,1
stiff,2,5,0,7
meant,3,1,5,9
button,0,1,0,1
michael,1,0,0,1
flickered,0,0,1,1
unsustaining,0,1,0,1
mopsus,0,1,0,1
stairway,5,0,0,5
picket,0,0,1,1
boots,0,0,1,1
waking,0,1,0,1
jump,0,0,2,2
hose,1,0,0,1
picked,4,0,1,5
ardent,0,1,0,1
climes,0,2,0,2
poke,1,0,0,1
plays,0,1,0,1
vales,0,1,0,1
colonel,0,1,0,1
cell,0,0,1,1
rotten,2,0,0,2
transmit,0,1,0,1
rotted,1,0,0,1
drools,1,0,0,1
melancholy,1,4,0,5
shoreline,0,1,0,1
following,0,1,0,1
convert,0,2,0,2
chant,0,0,1,1
benevolence,1,1,0,2
weren't,1,0,1,2
salvation,0,1,0,1
grained,1,0,0,1
win,0,2,1,3
addressed,0,1,0,1
wit,0,1,0,1
feller,0,1,0,1
singing,2,5,0,7
cloud,1,1,0,2
penalty,1,0,0,1
camera,2,0,0,2
ranks,1,2,0,3
means,1,1,4,6
hiding,1,1,0,2
cheeks,1,0,1,2
formally,1,0,0,1
started,2,3,1,6
becomes,0,0,3,3
carvings,1,0,0,1
charming,0,0,1,1
appointed,0,1,0,1
crosses,1,0,0,1
arched,0,1,0,1
meek,0,1,0,1
drawer,1,1,0,2
ride,2,4,0,6
shrieked,1,0,0,1
arches,0,1,0,1
meet,5,8,6,19
drops,1,2,1,4
control,0,1,3,4
escaped,0,1,0,1
pulling,1,0,0,1
flake,0,1,0,1
sought,1,2,0,3
wonderful,1,4,6,11
skirt,2,0,0,2
hesitate,0,1,0,1
digested,1,0,0,1
poetry,2,0,1,3
unseated,0,1,0,1
nard,0,1,0,1
instinctively,0,0,1,1
farm,1,1,0,2
thunderstorm,1,0,0,1
fart,1,0,0,1
fouled,0,2,0,2
corral,1,0,0,1
scoop,0,1,0,1
bakery,1,1,0,2
rove,0,1,0,1
bathing,0,1,0,1
sperm,1,0,0,1
hartwell,0,1,0,1
won't,4,1,11,16
cruise,1,0,0,1
mentioned,4,0,0,4
brittle,1,0,0,1
brood,2,0,0,2
outer,0,1,1,2
broom,1,0,0,1
brook,0,1,0,1
housewife,1,0,0,1
walnut,3,0,0,3
spellbound,0,0,1,1
youngster,0,1,0,1
sword,0,12,0,12
surrounds,0,1,1,2
skates,0,1,0,1
dike,0,1,0,1
hands,19,12,10,41
front,4,2,1,7
handy,0,0,1,1
masters,0,1,0,1
risotto,1,0,0,1
bows,0,1,0,1
slide,1,0,1,2
nazarene,0,1,0,1
shaking,0,1,1,2
uncaring,0,0,1,1
globe,1,0,0,1
inverted,0,1,0,1
sands,0,2,0,2
separating,0,0,1,1
steadier,0,1,0,1
special,0,0,5,5
secretly,0,1,0,1
littered,0,1,0,1
confess,0,1,0,1
playground,0,0,1,1
thriving,2,0,0,2
wick,1,0,0,1
cause,1,1,9,11
lessoned,0,1,0,1
withering,0,1,0,1
darkly,0,1,0,1
completely,0,1,1,2
sneer,0,2,0,2
drowning,0,1,0,1
farmland,0,1,0,1
hostile,0,2,0,2
boobook,0,2,0,2
amain,0,2,0,2
simne,0,1,0,1
times,3,1,4,8
keen,0,1,0,1
benediction,1,0,0,1
mankind,0,1,1,2
glories,1,0,0,1
clamour,0,1,0,1
confuse,0,1,0,1
redefine,0,0,1,1
groceryman,0,1,0,1
quality,1,0,0,1
horseman,0,1,0,1
you're,3,3,27,33
bears,0,1,1,2
filthy,2,0,0,2
unequivocal,1,0,0,1
joaquin,1,0,0,1
adopted,0,0,1,1
fells,0,1,0,1
wrapped,3,1,1,5
perfectly,1,1,0,2
final,1,0,1,2
beare,0,1,0,1
beard,2,1,0,3
exactly,3,1,0,4
lists,1,0,0,1
hemlock,0,1,0,1
overwhelming,0,1,0,1
herself,5,1,3,9
waist,1,0,2,3
photograph,1,0,0,1
bed,10,1,13,24
arc,1,1,0,2
dumb,0,1,2,3
bard,0,1,0,1
lightly,1,2,0,3
yielding,0,0,1,1
neem,0,1,0,1
goldberg,1,0,0,1
sundown,2,0,1,3
need,2,4,10,16
sings,1,1,1,3
able,2,0,0,2
trueloves,0,1,0,1
instance,1,4,0,5
sprinkled,0,1,0,1
truck,5,0,0,5
birdland,1,0,0,1
medals,1,0,0,1
blades,1,0,0,1
sewing,1,1,0,2
thorns,0,1,0,1
moths,0,1,0,1
achilles,0,1,0,1
awe,0,1,1,2
gallery,1,0,0,1
overmuch,0,1,0,1
urn,1,1,0,2
prickly,1,0,0,1
propels,1,0,0,1
affair,0,1,0,1
splintering,1,0,0,1
couldst,0,1,0,1
shield,1,0,0,1
earned,0,1,0,1
hopeful,0,1,0,1
brighten,0,0,1,1
attained,0,1,0,1
girlie,0,0,1,1
infernal,1,0,0,1
mortality,0,0,1,1
improvident,0,1,0,1
crumbling,1,0,0,1
clubs,0,1,0,1
probably,1,0,0,1
granaries,2,0,0,2
dodgy,0,0,3,3
gray,6,11,0,17
sowing,0,1,0,1
tobacco,0,2,0,2
coaxes,1,0,0,1
shy,1,0,0,1
processed,1,0,0,1
contain,1,0,0,1
burying,0,1,0,1
cuts,1,0,1,2
humans,1,0,1,2
freeze,0,1,0,1
legacy,0,1,0,1
desperate,1,1,1,3
joys,0,1,0,1
nightmare,1,0,0,1
southward,0,1,0,1
written,2,4,0,6
shudders,0,2,0,2
correctly,1,0,0,1
neither,0,3,1,4
direst,0,1,0,1
tent,0,2,0,2
ken,0,1,0,1
sole,1,0,1,2
munching,1,0,0,1
key,2,2,1,5
police,2,0,0,2
precious,2,0,3,5
haughty,0,1,0,1
mariposa,1,0,0,1
diligent,1,0,0,1
shingle,1,0,0,1
minds,0,2,2,4
strains,0,1,0,1
admit,1,1,0,2
spatter,0,1,0,1
lofty,0,2,0,2
betrayed,1,1,0,2
kings,0,3,0,3
quit,0,0,1,1
inhale,0,0,1,1
tread,0,0,1,1
geometries,1,0,0,1
wills,0,0,1,1
thanked,1,2,0,3
immense,0,1,0,1
slowly,6,11,7,24
treat,0,0,3,3
forepleasure,1,0,0,1
poet,3,3,0,6
abruptly,1,0,0,1
uplifted,0,1,0,1
shoulders,1,2,1,4
senses,0,1,1,2
controlled,1,0,0,1
ours,0,3,1,4
harder,1,1,0,2
harebell,1,0,0,1
encircled,0,1,0,1
suckle,1,0,0,1
surface,3,0,0,3
sustenance,0,1,0,1
swinging,0,1,0,1
hearted,0,0,1,1
lambs,0,0,1,1
wreck,0,0,1,1
capture,0,1,0,1
began,3,0,0,3
indigo,1,0,0,1
parts,2,0,0,2
speaker,0,1,0,1
kingly,0,1,0,1
party,1,1,0,2
redder,0,1,0,1
absorb,0,0,1,1
appearances,1,0,0,1
fierce,1,2,1,4
frequently,0,1,0,1
lieth,0,1,0,1
lough,0,1,0,1
destruction,0,3,0,3
reflection,1,0,1,2
i,353,342,568,1263
didst,0,1,0,1
well,11,17,8,36
amends,0,1,0,1
deadly,0,2,0,2
stirrups,0,1,0,1
unloosen,0,1,0,1
accurate,1,0,0,1
distant,1,6,0,7
laurel,0,2,0,2
skill,0,2,0,2
dost,0,2,0,2
spells,0,1,0,1
flooded,0,1,0,1
tinkledy,0,1,0,1
deposits,1,0,0,1
morgue,1,0,0,1
warrant,0,1,0,1
kick,1,0,0,1
manliest,0,0,1,1
rafter,1,0,0,1
fate,0,9,2,11
crushed,1,0,0,1
snowstorm,0,1,0,1
historic,1,0,0,1
unseen,1,0,2,3
loss,0,2,0,2
lost,10,6,8,24
starry,0,5,0,5
fingerprints,1,0,0,1
candy,0,0,1,1
lose,0,3,2,5
refugees,1,0,0,1
page,3,1,1,5
shed,0,5,3,8
glare,1,1,0,2
whelm,0,1,0,1
belonged,1,0,0,1
scuffle,1,0,0,1
hush,2,2,0,4
francisco,1,0,0,1
home,11,18,3,32
peter,0,1,0,1
drizzle,1,0,0,1
steaming,1,1,0,2
broad,1,1,1,3
cradle,0,2,0,2
reaching,0,1,0,1
poignant,0,1,0,1
tenfold,0,1,0,1
pulpy,1,0,0,1
choked,0,2,0,2
cataracts,2,0,0,2
freedom,1,1,7,9
sinister,0,0,1,1
recognized,1,0,0,1
nacreous,1,0,0,1
tongue,6,4,0,10
pistols,0,1,0,1
glens,0,1,0,1
pointless,0,0,1,1
jubilee,0,0,1,1
mississippi,1,0,0,1
rejoice,1,1,0,2
museum,1,0,0,1
weeps,0,0,1,1
noticed,3,0,0,3
palatine,0,1,0,1
inner,0,1,0,1
feair,0,4,0,4
nikes,1,0,0,1
prophetic,0,1,0,1
north,2,4,0,6
hazardous,1,0,0,1
neutral,1,1,0,2
hi,0,0,2,2
gain,0,0,1,1
courts,1,0,0,1
haring,0,0,1,1
winch,1,0,0,1
ear,3,7,1,11
eat,4,2,2,8
he,119,105,46,270
grieve,1,1,0,2
signed,0,0,1,1
cruel,0,1,2,3
stories,1,0,0,1
gagged,1,0,0,1
piece,3,5,0,8
urging,1,0,0,1
kisses,1,1,1,3
beats,1,1,0,2
education,0,0,1,1
contest,1,0,0,1
stumps,2,0,0,2
fledgling,1,0,0,1
warbeck,0,2,0,2
blunders,0,0,1,1
star,5,5,0,10
stay,4,3,7,14
stag,1,0,0,1
stab,1,1,0,2
teacups,1,0,0,1
cornflowers,1,0,0,1
friends,3,13,3,19
phosphorus,0,1,0,1
pestilence,0,1,0,1
ripest,1,0,0,1
portion,0,1,0,1
lives,6,1,6,13
knelt,0,1,0,1
unfurl,2,0,0,2
abide,0,1,0,1
perverted,0,1,0,1
trodden,0,1,0,1
scheming,0,1,0,1
bodices,0,1,0,1
unsheathed,0,1,0,1
whose,8,7,0,15
swam,1,2,0,3
swan,1,0,1,2
sweetest,1,1,2,4
sinew,0,1,0,1
painters,1,0,0,1
swap,1,0,0,1
sorry,1,1,2,4
sway,3,0,1,4
fists,1,0,0,1
rescue,1,0,0,1
downstream,0,0,1,1
void,0,1,1,2
hadst,0,1,0,1
weald,0,1,0,1
misunderstanding,0,0,1,1
vase,1,0,0,1
hitch,1,1,0,2
courageous,1,0,0,1
vast,0,5,1,6
pilgrim,0,1,0,1
snowflakes,0,1,0,1
holiness,1,0,0,1
clothed,0,2,0,2
correct,0,2,0,2
roundness,1,0,0,1
heading,1,0,0,1
clothes,4,0,1,5
force,1,1,0,2
lustre,0,1,0,1
lavender,0,1,0,1
across,6,9,2,17
likely,1,0,0,1
even,18,13,13,44
ne'er,0,1,0,1
pace,3,1,3,7
asia,0,1,0,1
lights,5,4,1,10
haze,1,1,2,4
new,12,4,14,30
net,1,0,0,1
upward,1,1,0,2
ever,5,21,12,38
se'nnight,0,1,0,1
relationships,0,0,1,1
evolving,1,0,0,1
screams,1,1,2,4
men,13,32,0,45
drew,0,2,2,4
met,1,2,4,7
dry,0,4,2,6
rests,1,0,0,1
ignoring,1,0,0,1
buckles,0,1,0,1
reckoned,0,2,0,2
heeled,0,1,0,1
fragrances,0,1,0,1
overabundance,1,0,0,1
moral,0,3,0,3
guests,1,0,0,1
labyrinthine,0,1,0,1
landscape,0,1,0,1
army,0,2,0,2
watering,2,0,0,2
arms,9,13,4,26
pudgy,1,0,0,1
call,10,8,4,22
calm,1,5,2,8
survive,0,0,1,1
leaky,0,1,0,1
type,0,0,2,2
tell,15,15,14,44
unblest,0,2,0,2
aspish,0,1,0,1
lungs,1,0,0,1
wars,0,2,1,3
warn,0,3,0,3
warm,8,9,3,20
adult,1,0,0,1
ward,0,3,0,3
aligned,1,0,0,1
room,17,8,9,34
pandolf,0,3,0,3
gasoline,1,0,0,1
bellowed,0,1,0,1
roof,0,2,0,2
movies,0,0,1,1
foliage,0,1,0,1
root,2,0,0,2
give,12,16,10,38
laughs,1,4,1,6
honed,2,0,0,2
honey,0,1,0,1
routed,0,1,0,1
loathe,0,1,0,1
january,0,1,0,1
braids,1,0,0,1
kabul,0,2,0,2
amazing,1,0,0,1
sate,0,1,0,1
answer,0,5,1,6
aboard,0,1,0,1
bonsai,1,0,0,1
flustered,1,0,0,1
reconciled,0,1,0,1
loyalty,0,1,0,1
third,0,1,0,1
defaced,0,1,0,1
frequent,1,0,0,1
goodbye,0,1,7,8
deck,2,0,0,2
budding,1,0,0,1
before,16,17,13,46
furlong,0,1,0,1
personal,1,0,0,1
blackened,0,0,1,1
better,2,3,10,15
commercialize,0,1,0,1
overcome,0,1,1,2
shag,0,1,0,1
weakness,0,0,1,1
downs,0,3,0,3
caterpillar,2,0,0,2
therapy,0,0,2,2
glazed,2,0,0,2
nested,1,0,0,1
grammar,0,1,0,1
meat,3,1,0,4
arrested,1,0,0,1
lucy,5,0,0,5
droll,1,0,0,1
leaned,1,0,0,1
went,7,9,2,18
higher,0,4,1,5
moriré,1,0,0,1
side,11,5,4,20
bone,5,1,0,6
mean,6,2,8,16
durability,0,1,0,1
weightless,0,0,1,1
ya'allah,1,0,0,1
aide,1,0,0,1
taught,1,4,2,7
stealing,1,0,0,1
dawn,1,2,2,5
thoroughfares,0,1,0,1
decree,0,1,0,1
tales,0,1,0,1
particles,1,0,0,1
sparkle,0,0,1,1
fiery,0,1,0,1
reader,2,0,0,2
surprise,1,2,1,4
grease,0,1,0,1
turning,7,1,2,10
whiff,1,0,0,1
revenge,0,0,1,1
struggle,0,1,1,2
mistress,0,1,0,1
telescopes,1,0,0,1
greasy,1,0,0,1
aisle,1,0,2,3
cookbooks,1,0,0,1
steward,1,0,0,1
moving,5,1,3,9
diggers,2,0,0,2
loud,1,3,4,8
preludes,0,1,0,1
enjoy,0,1,2,3
naughty,0,1,0,1
features,0,1,1,2
hoop,1,0,0,1
hook,2,3,0,5
ditch,2,0,0,2
hood,2,1,0,3
speck,0,1,0,1
dwelt,0,0,1,1
girls,2,3,2,7
twisted,1,0,0,1
dwell,0,1,0,1
clattering,1,0,0,1
runcible,0,1,0,1
grackles,1,0,0,1
mechanism,1,0,0,1
bouncing,0,0,1,1
villages,1,0,0,1
somewhat,0,3,0,3
helen,0,7,0,7
swells,0,1,1,2
peculiar,1,0,0,1
begins,3,3,3,9
distance,2,0,2,4
bits,1,0,1,2
matter,4,2,5,11
silly,0,0,1,1
mermaid,0,2,0,2
knights,0,2,0,2
turrets,0,2,0,2
extracting,1,0,0,1
cheek,2,1,0,3
sees,3,5,1,9
fathomless,1,1,0,2
quench,0,1,1,2
modern,1,0,0,1
mind,3,10,20,33
mine,7,16,6,29
seed,4,5,0,9
seen,4,6,1,11
seem,3,9,4,16
theology,1,0,0,1
mint,1,0,0,1
tells,3,1,0,4
chest,3,0,1,4
sleeper,1,1,0,2
tunnels,0,1,0,1
definitionless,1,0,0,1
marie,1,0,0,1
christ,0,5,0,5
don,1,0,0,1
consumed,0,0,1,1
m,1,0,0,1
dog,5,1,0,6
doe,4,0,1,5
points,0,2,0,2
breathed,0,1,0,1
consumes,0,1,0,1
discontent,1,0,0,1
hunger,1,2,1,4
rapture,1,1,0,2
brilliance,0,1,0,1
ending,1,0,1,2
liberty,0,1,1,2
stepping,0,1,0,1
resisting,0,0,1,1
explain,1,0,2,3
folded,0,1,1,2
sugar,1,0,0,1
ebbing,0,0,1,1
wearing,1,1,1,3
colorful,0,1,1,2
rejoicing,0,1,0,1
stop,6,4,6,16
coast,0,0,1,1
cracks,3,0,1,4
earn,1,0,0,1
bar,1,1,0,2
wert,0,2,0,2
fields,4,5,1,10
bay,3,0,0,3
bag,1,0,0,1
bad,0,2,5,7
softly,2,3,0,5
troop,0,2,0,2
ears,4,1,0,5
fascinating,0,0,1,1
imitate,0,1,0,1
testing,0,1,0,1
intertwine,0,1,0,1
curdled,0,1,0,1
subject,1,0,0,1
brazil,1,0,0,1
said,18,28,8,54
sorta,0,0,1,1
sail,0,1,0,1
shaves,1,0,0,1
lazy,0,3,0,3
wears,0,1,0,1
vows,0,2,1,3
weary,0,2,2,4
velleities,0,1,0,1
motto,0,1,0,1
aunties,1,0,0,1
wandering,0,3,0,3
eyeball,1,0,0,1
against,9,8,3,20
lullaby,0,0,1,1
height,3,3,0,6
lanterns,0,1,0,1
lowly,0,2,0,2
aftermath,1,0,0,1
loaded,1,0,0,1
writhings,1,0,0,1
tasted,0,1,0,1
puts,0,1,1,2
three,9,2,2,13
tiny,6,1,0,7
milieu,0,1,0,1
entered,2,0,0,2
lovely,1,6,2,9
idol,0,1,0,1
threw,1,1,1,3
lissome,0,1,0,1
deeper,2,0,1,3
sag,0,1,0,1
sunshine,0,1,4,5
shattering,0,1,0,1
decrepit,1,0,0,1
bloomen,0,1,0,1
tapping,0,1,0,1
jewels,1,1,0,2
hollowed,0,1,0,1
lionel,1,0,0,1
acrobatics,0,0,1,1
say,29,17,28,74
ugly,1,0,0,1
near,4,9,6,19
melted,0,0,1,1
suppose,0,1,2,3
nowt,0,1,0,1
murders,0,0,1,1
smoky,0,2,0,2
buried,1,2,0,3
mousy,0,0,1,1
settles,0,1,0,1
is,142,203,178,523
it,167,130,189,486
defeated,0,1,0,1
ii,1,3,0,4
shame,0,2,3,5
cant,0,0,2,2
clinging,1,0,0,1
in,315,329,194,838
mouse,1,0,0,1
disappear,2,0,0,2
if,44,43,37,124
grown,1,5,1,7
bottles,1,0,0,1
shimmering,0,1,0,1
cools,1,0,0,1
belle,1,0,0,1
make,16,21,19,56
belly,8,1,1,10
contaminate,0,1,0,1
handmaids,0,1,0,1
shoveling,0,1,0,1
waterdrops,0,2,0,2
sodden,0,1,0,1
meets,0,1,0,1
advocate,0,1,0,1
opulent,0,1,0,1
delight,0,5,2,7
foremothers,1,0,0,1
garlic,1,0,0,1
jealous,1,1,0,2
footsore,1,0,0,1
stiffened,1,1,0,2
thoughts,1,2,11,14
kid,0,0,3,3
butter,2,0,0,2
weakly,0,1,0,1
practiced,0,2,0,2
failing,1,0,0,1
neptune,0,1,0,1
leff,4,0,0,4
inherit,1,0,0,1
homelier,0,1,0,1
materials,0,1,0,1
resuming,1,0,0,1
qualities,0,2,0,2
claims,1,1,0,2
flops,1,0,0,1
yours,3,3,0,6
left,14,9,19,42
just,24,9,52,85
yea,0,0,1,1
sporting,0,1,0,1
kinks,1,0,0,1
assigned,1,0,0,1
transforms,0,0,1,1
human,2,9,0,11
yes,5,12,1,18
yet,10,26,20,56
infinitely,0,1,0,1
legion,0,2,0,2
regarded,1,0,0,1
royal,2,3,0,5
transcribed,1,0,0,1
save,0,2,3,5
beholds,0,1,0,1
sailors,0,2,0,2
discreet,1,1,0,2
background,0,0,1,1
destroy,1,1,2,4
strap,1,0,0,1
dreams,5,6,11,22
shoulder,1,0,1,2
visible,1,0,0,1
nude,1,1,0,2
zombies,1,0,0,1
cowardice,0,1,0,1
dean,1,0,0,1
deaf,1,1,0,2
somehow,0,2,2,4
dead,27,12,4,43
tailhole,1,0,0,1
dear,2,13,1,16
ignore,0,0,2,2
dense,0,2,0,2
collect,1,0,0,1
arguing,2,0,0,2
jackanapes,0,1,0,1
conquering,0,1,0,1
backhoe,1,0,0,1
bole,0,1,0,1
bold,0,4,0,4
burn,2,1,0,3
sift,1,0,0,1
bolt,1,0,0,1
wept,0,2,0,2
yelling,0,0,1,1
conceal,0,1,1,2
ribs,1,1,1,3
afternoon,7,7,0,14
vaginal,1,0,0,1
azure,0,2,2,4
islands,0,1,0,1
nerve,0,1,0,1
formerly,0,2,0,2
castanets,1,0,0,1
intellectual,1,1,0,2
down,54,39,21,114
lies,6,5,10,21
carving,2,0,0,2
chime,0,3,0,3
tugging,0,1,0,1
flying,1,0,1,2
jealousy,1,0,0,1
valedictory,1,1,0,2
forhead,0,1,0,1
watteau,0,1,0,1
stalk,1,0,0,1
lurid,0,1,0,1
fork,1,1,0,2
form,1,5,2,8
fore,0,1,0,1
ford,0,1,0,1
twould,0,1,0,1
blindness,0,1,0,1
fort,0,1,0,1
lilies,1,2,0,3
understood,0,2,0,2
attached,2,0,0,2
bounds,1,0,0,1
whiskey,1,0,0,1
stager,0,0,1,1
daddy,0,0,1,1
trembles,0,1,0,1
musk,0,1,0,1
sticks,0,1,0,1
classic,0,0,1,1
covert,0,1,0,1
drive,3,0,2,5
tarnished,1,0,0,1
awhile,1,0,0,1
shit,1,0,4,5
tossing,0,1,1,2
digital,0,0,1,1
ribbons,2,0,0,2
tardy,0,1,0,1
delivered,0,0,1,1
dies,1,1,2,4
felt,4,5,8,17
journey,2,1,1,4
stoke,0,1,0,1
aware,0,1,0,1
barracuda,1,0,0,1
died,7,9,1,17
tabulations,0,1,0,1
potato,1,0,0,1
assume,1,0,0,1
daily,0,0,2,2
jacket,1,0,0,1
stripping,0,1,0,1
almanac,0,1,0,1
teeth,6,1,0,7
restored,0,0,1,1
overdue,0,0,1,1
befriend,0,0,1,1
skip,1,0,0,1
souls,2,5,3,10
mild,0,1,0,1
skin,7,1,2,10
mill,2,1,0,3
milk,2,0,0,2
simnel,0,2,0,2
suicide,2,0,0,2
depend,0,0,1,1
swoon,0,1,0,1
father,14,4,3,21
bordered,1,0,0,1
amaze,0,1,0,1
finally,2,1,4,7
marks,0,1,0,1
suffered,1,0,0,1
string,1,1,0,2
curlew,0,1,0,1
construction,2,0,0,2
sappy,0,0,1,1
defying,0,1,0,1
join,0,1,0,1
anne,1,3,1,5
dim,0,5,1,6
err,0,1,0,1
did,26,16,4,46
die,8,12,11,31
dig,1,1,1,3
magnet,0,0,1,1
grimace,1,0,0,1
stiffer,1,1,0,2
round,3,12,1,16
dis,1,0,0,1
unexpected,1,0,0,1
fearing,1,0,0,1
ravenous,1,0,0,1
adds,1,0,0,1
favour,0,2,0,2
dishonored,1,0,0,1
filled,5,2,9,16
tiber,0,1,0,1
transparency,0,1,0,1
wail,0,0,1,1
guardian,0,2,0,2
makeup,0,0,1,1
lakes,1,0,0,1
ingenuous,0,0,1,1
deceit,0,0,1,1
wait,3,6,4,13
box,3,0,0,3
boy,4,8,3,15
environs,0,1,0,1
cuckoo,0,2,0,2
battling,1,0,0,1
shift,1,1,0,2
bow,4,1,2,7
suggestion,1,0,0,1
quarrel,0,1,0,1
bruised,1,1,0,2
hither,0,1,0,1
merely,0,0,1,1
ache,0,1,1,2
hotels,1,0,0,1
everybody,0,1,4,5
wealth,1,1,0,2
salting,0,0,1,1
sake,1,1,0,2
visit,1,1,1,3
betrothal,1,0,0,1
france,2,1,0,3
insides,1,0,0,1
olympian,0,1,0,1
vrom,0,1,0,1
sharpen,1,0,0,1
thru,0,0,1,1
sectioning,1,0,0,1
sharing,0,0,1,1
bosky,0,1,0,1
faith,0,6,0,6
pobble,0,8,0,8
rigid,0,1,0,1
olive,1,0,0,1
effort,3,0,0,3
fly,3,6,3,12
avoiding,0,0,1,1
thumpity,0,0,1,1
soul,0,14,13,27
soup,1,0,0,1
sour,4,1,0,5
drags,1,0,0,1
growing,2,0,3,5
making,6,4,3,13
deceased,0,0,1,1
claim,1,0,1,2
crazy,1,1,1,3
confused,0,1,2,3
agent,0,0,1,1
pointedly,1,0,0,1
battered,1,1,0,2
spanning,1,0,0,1
pink,3,4,0,7
burgeoning,1,0,0,1
rays,0,1,0,1
stricken,2,1,0,3
parch,0,1,0,1
pine,1,2,0,3
till,7,19,5,31
sunday,5,0,0,5
pure,1,2,1,4
swore,0,1,0,1
tile,1,0,0,1
map,0,1,0,1
may,6,34,10,50
fed,2,1,0,3
designed,1,0,0,1
guys,0,0,2,2
grow,12,7,4,23
man,20,32,18,70
aimless,0,1,0,1
noun,1,0,0,1
neck,3,1,2,6
johnson,1,0,0,1
maybe,5,2,7,14
disembowel,1,0,0,1
tale,0,2,0,2
switch,1,0,0,1
jail,2,0,1,3
silence,9,6,3,18
basket,1,1,0,2
tall,3,3,3,9
talk,4,7,7,18
shoes,4,2,1,7
pointed,2,0,0,2
wishing,1,0,4,5
pillowcase,1,0,0,1
argues,1,0,0,1
entrails,1,0,0,1
lyric,1,1,0,2
terrace,0,1,0,1
shake,3,0,2,5
grout,1,0,0,1
group,1,0,0,1
thank,0,1,5,6
drummer,1,0,0,1
mail,1,0,1,2
main,0,2,0,2
tonic,2,0,0,2
piranesi,0,1,0,1
tucked,2,0,0,2
rattled,1,0,0,1
shatter,0,0,1,1
lunch,3,0,0,3
touching,5,0,0,5
killed,0,1,1,2
possess,0,1,1,2
battlefields,1,0,0,1
beach,1,1,1,3
peasant,0,1,0,1
careless,0,1,0,1
rock,3,1,1,5
locate,1,0,0,1
blinkledy,0,1,0,1
saleslady,1,0,0,1
harked,0,1,0,1
conventions,1,0,0,1
richly,0,1,0,1
fingertips,1,1,0,2
girl,7,3,9,19
rosettes,1,0,0,1
relive,0,0,2,2
canada,1,0,0,1
living,9,3,3,15
transforming,0,1,0,1
miles,3,2,2,7
brimming,0,1,0,1
monster,0,3,0,3
gnashes,1,0,0,1
cough,0,0,1,1
language,6,2,1,9
standby,0,0,2,2
thing,8,12,15,35
thine,0,5,0,5
think,14,9,21,44
waited,1,0,0,1
first,10,18,8,36
cheese,0,1,0,1
pallid,1,0,0,1
americans,2,0,0,2
fast,3,8,4,15
carry,0,1,4,5
sounds,1,1,1,3
little,21,26,16,63
arch,0,3,0,3
slept,2,0,0,2
anyone,2,0,0,2
plains,1,0,0,1
escort,0,1,0,1
speaking,5,1,0,6
gaudy,0,1,0,1
eyes,33,29,32,94
eyed,3,0,0,3
blurred,0,1,0,1
13,1,0,0,1
12,3,0,0,3
15,2,0,2,4
14,1,0,0,1
17,1,0,0,1
16,1,0,0,1
18,1,0,0,1
gotta,0,0,2,2
browning,0,2,0,2
branchy,0,1,0,1
mutilation,0,1,0,1
protected,0,1,0,1
knives,1,2,2,5
booted,0,1,0,1
were,38,43,30,111
snoozed,1,0,0,1
gigantic,1,0,0,1
coconut,1,0,0,1
lick,2,0,0,2
lice,2,0,0,2
voices,1,3,2,6
conspiracy,0,1,0,1
spectacle,0,0,1,1
fortified,0,0,1,1
clung,1,1,0,2
hooded,1,0,0,1
castor,1,0,0,1
shocked,1,0,0,1
doofenshmirtz,0,0,1,1
bailer,1,0,0,1
haste,0,3,0,3
pranks,0,1,0,1
channel,0,2,0,2
skinned,2,0,0,2
pain,1,9,18,28
trace,0,2,1,3
track,1,1,0,2
assault,0,1,0,1
formulae,0,1,0,1
pair,0,0,1,1
upland,0,2,0,2
inators,0,0,1,1
beachfront,0,0,1,1
especially,2,0,0,2
surprising,0,1,0,1
fills,1,1,0,2
wreathed,0,1,0,1
scowl,0,2,0,2
voodoo,0,0,1,1
distingusihed,0,1,0,1
shop,2,0,1,3
shot,5,0,0,5
show,1,3,6,10
footlockerful,1,0,0,1
veranda,1,0,0,1
russian,0,1,0,1
shoe,2,3,0,5
threshold,1,0,1,2
corner,4,2,1,7
curled,0,1,0,1
stormy,0,4,1,5
plume,0,2,0,2
treasure,0,3,1,4
storms,0,4,0,4
behind,8,5,6,19
either,2,0,0,2
black,37,12,4,53
fens,0,1,0,1
disconcerting,1,0,0,1
fiendish,0,1,0,1
plump,0,0,1,1
get,9,6,25,40
moons,1,0,1,2
sickle,0,1,0,1
ionized,1,0,0,1
nearly,1,0,9,10
seared,1,0,0,1
unbodied,0,1,0,1
morning,7,15,6,28
stupid,1,0,1,2
worrying,0,0,2,2
silently,0,2,1,3
honesty,0,0,1,1
peony,1,0,0,1
seas,0,4,0,4
seat,1,2,0,3
seal,0,1,1,2
pebble,0,1,0,1
wonder,4,4,6,14
steadfast,0,1,0,1
ornament,1,0,0,1
boundaries,0,0,1,1
enough,7,3,5,15
reading,3,2,0,5
checks,0,0,1,1
whispered,0,0,1,1
august,1,1,0,2
killing,1,1,0,2
countenance,0,3,0,3
dreamless,1,0,0,1
pillared,0,1,0,1
tug,0,0,1,1
vaporous,1,0,0,1
according,1,0,0,1
remake,1,0,0,1
spare,0,1,0,1
among,13,11,1,25
slain,0,2,0,2
stretched,3,0,1,4
cancel,0,2,0,2
considering,0,1,0,1
mare,1,1,0,2
arts,1,0,0,1
nightcaps,1,0,0,1
capable,1,0,0,1
marl,1,0,0,1
sheape,0,1,0,1
repine,0,1,0,1
mark,0,2,1,3
mart,0,1,0,1
borders,0,1,0,1
mary,0,1,0,1
truths,0,1,0,1
will't,0,2,0,2
shopping,0,0,1,1
offered,0,1,0,1
gripped,0,1,0,1
dramatic,1,0,0,1
wake,5,1,4,10
those,9,15,13,37
sound,4,10,8,22
stacked,2,0,0,2
slumber,0,0,3,3
sobbed,1,0,0,1
stacker,0,2,0,2
slapping,0,1,0,1
rubbing,1,0,0,1
coffee,3,0,1,4
sleeping,1,1,0,2
strain,1,0,0,1
sudden,0,2,0,2
ferns,0,0,1,1
loosing,0,0,1,1
everyday,1,0,5,6
bags,4,0,0,4
different,2,0,1,3
harsh,1,3,0,4
paw,1,0,0,1
pay,1,1,4,6
creaky,1,0,0,1
same,14,7,11,32
speech,2,5,0,7
stepped,1,0,1,2
pan,1,0,0,1
exhaust,1,0,0,1
oil,4,0,0,4
companion,0,3,0,3
running,0,3,2,5
sullen,2,0,0,2
climbing,1,0,1,2
totally,0,0,2,2
bottle,2,0,1,3
amazed,1,1,0,2
alfalfa,1,0,0,1
gates,0,0,1,1
gangs,1,0,0,1
money,3,6,1,10
sights,0,1,1,2
loveliest,0,1,0,1
embitters,0,1,0,1
alimony,0,0,1,1
pile,0,1,0,1
astonishment,1,0,0,1
heavier,1,0,0,1
careers,0,1,0,1
grip,1,0,0,1
shapeless,0,1,0,1
jake,0,1,0,1
docks,1,0,0,1
zephyr,0,1,0,1
mom,0,0,1,1
railroad,1,0,0,1
grim,2,2,1,5
fondling,1,0,0,1
nay,0,1,1,2
spigot,1,0,0,1
serves,1,0,0,1
've,9,9,24,42
chamber,1,1,0,2
thighs,1,1,0,2
drainage,0,1,0,1
served,1,0,1,2
passionate,0,1,1,2
imprisonment,1,0,0,1
ascend,1,0,0,1
slavery,0,1,0,1
gunnels,1,0,0,1
erase,1,0,2,3
lackeys,0,1,0,1
images,0,2,0,2
pasture,1,0,0,1
accomplice,0,1,0,1
confirm,0,1,0,1
buttercups,0,1,0,1
knife,6,2,1,9
measuring,1,0,0,1
slenderer,1,0,0,1
seconds,1,0,0,1
broken,3,8,5,16
cauchemar,0,1,0,1
loveliness,0,1,0,1
tease,1,0,0,1
roar,0,1,1,2
island,1,0,2,3
fringe,1,0,0,1
practical,1,0,0,1
pockets,1,0,0,1
roam,0,1,1,2
mixed,0,1,0,1
road,11,2,2,15
quietly,2,0,1,3
lands,0,1,1,2
trádes,0,1,0,1
spreading,1,1,0,2
blessed,1,1,1,3
harness,0,1,0,1
dreaming,1,1,0,2
blesses,0,1,0,1
springs,1,1,0,2
shells,0,1,0,1
distracted,1,1,0,2
nighest,0,1,0,1
downer,0,0,1,1
hurricaned,1,0,0,1
mornings,1,0,0,1
strikes,0,1,0,1
shrugs,1,0,0,1
spice,0,1,1,2
arranged,1,0,0,1
romantic,0,0,1,1
wasn't,1,2,0,3
poison,1,0,0,1
scorning,1,0,0,1
blackbird,0,1,0,1
deadlock,0,1,0,1
moles,0,1,1,2
affection,0,0,1,1
celestial,1,0,0,1
deer,6,0,0,6
deep,4,12,9,25
fellow,0,2,0,2
deem,0,0,1,1
glozed,0,1,0,1
girlfriend,0,0,1,1
lifetime,0,1,3,4
hound,0,0,1,1
film,0,0,2,2
fill,4,5,2,11
again,28,22,15,65
pensive,0,1,0,1
sufferings,0,1,0,1
drivers,1,0,0,1
ceaselessly,0,1,0,1
repent,0,1,0,1
field,4,3,1,8
treacheries,0,1,0,1
students,1,0,0,1
important,0,0,1,1
marshes,1,0,0,1
tackle,0,1,0,1
lovefruit,1,0,0,1
pitifully,1,0,0,1
remote,1,2,0,3
fraught,0,1,0,1
resembles,2,1,0,3
alright,0,0,1,1
husky,1,2,0,3
starting,2,1,2,5
unset,0,0,1,1
growling,1,0,0,1
liar,0,1,0,1
forget,4,3,5,12
suns,0,1,0,1
forbidden,0,0,4,4
dollar,1,0,0,1
worms,2,0,0,2
levelling,0,1,0,1
sunk,1,1,0,2
slung,1,0,0,1
talks,1,2,0,3
sung,1,3,0,4
emily,0,0,1,1
shattered,0,0,2,2
shredding,1,0,0,1
captivity,0,1,0,1
crimson,0,4,0,4
hideous,1,0,0,1
puffs,0,1,0,1
bowers,0,1,0,1
returning,0,3,0,3
puffy,0,0,1,1
fall,8,9,9,26
subterranean,0,1,0,1
difference,2,0,0,2
veined,0,1,1,2
mothers,1,0,1,2
neighborhood,1,0,0,1
withheld,1,0,0,1
grasshopper,2,0,0,2
strung,1,1,1,3
further,2,4,2,8
ribbon,2,0,0,2
stood,6,8,1,15
sweetly,0,0,1,1
wrecked,0,1,0,1
ammonia,0,1,0,1
stoop,1,2,0,3
coroner,3,0,0,3
tribute,2,1,0,3
public,0,3,0,3
movement,0,1,1,2
tattoos,1,0,0,1
vall,0,1,0,1
vale,0,1,0,1
mule,0,1,0,1
puddles,2,0,0,2
upthrusted,1,0,0,1
fantasies,0,0,1,1
chipped,1,0,1,2
stupor,1,0,0,1
tortoise,1,0,0,1
stretching,0,0,1,1
sofas,1,0,0,1
disputes,1,0,1,2
milky,1,0,0,1
narrow,2,2,0,4
cowardly,0,1,1,2
africa,1,0,0,1
emptied,1,0,0,1
amazement,0,0,1,1
arrogance,0,1,0,1
armed,2,0,0,2
barked,1,1,0,2
eye,4,8,2,14
whaledark,1,0,0,1
destination,0,0,1,1
two,30,7,4,41
lassie,0,0,2,2
twists,0,1,0,1
diamond,0,2,0,2
cedars,1,0,0,1
staggering,0,0,1,1
reeked,0,1,0,1
controlling,0,0,3,3
particular,1,0,0,1
nineteen,0,1,0,1
town,7,4,1,12
none,3,7,1,11
hour,2,12,0,14
middle,1,3,0,4
recall,1,2,0,3
dew,1,2,1,4
guards,1,0,0,1
remain,0,1,0,1
taut,1,0,0,1
dazed,0,1,0,1
marble,1,3,0,4
wails,0,1,0,1
imperial,0,1,0,1
synchronized,1,0,0,1
share,0,2,1,3
suburbia,0,1,0,1
sphere,0,2,0,2
numbers,1,1,0,2
kafilas,0,1,0,1
sharp,0,0,1,1
deplored,0,1,0,1
maturing,1,0,0,1
needs,0,0,4,4
drained,1,0,0,1
acts,0,0,1,1
ferny,0,1,0,1
sacred,0,5,0,5
sprig,1,0,0,1
stir,0,5,0,5
bleat,1,0,0,1
redwood,2,0,0,2
charms,1,1,1,3
advice,2,0,0,2
hankie,1,0,0,1
blood,5,13,5,23
coming,3,10,2,15
bloom,2,5,2,9
alps,0,2,0,2
reappeared,1,0,0,1
orchard,0,1,0,1
crowded,2,0,0,2
coat,2,4,0,6
doctor,1,1,0,2
eats,1,0,1,2
bathed,1,0,0,1
deserted,1,0,0,1
coal,3,0,0,3
foretell,0,1,0,1
skilful,0,1,0,1
pleasure,0,2,1,3
playing,1,1,4,6
infant,1,0,0,1
winged,0,2,1,3
appeals,1,0,0,1
through,39,27,24,90
filters,1,0,0,1
suffer,1,2,0,3
pens,1,0,0,1
possessions,1,0,0,1
calluses,1,0,1,2
bosom,0,3,0,3
late,6,6,1,13
bereft,0,1,0,1
crawls,0,0,2,2
dolls,0,0,1,1
hurting,0,0,1,1
someone,8,1,10,19
peshawur,0,1,0,1
walls,6,3,7,16
sphincter,1,0,0,1
struggling,0,0,1,1
mystery,1,0,1,2
easily,4,1,1,6
huddle,0,1,0,1
pregnant,1,0,0,1
perkin,0,5,0,5
ashes,1,0,1,2
biscuits,1,0,0,1
exquisite,0,1,0,1
forthright,0,1,0,1
harm,0,1,1,2
clams,1,0,0,1
hark,0,5,0,5
mental,0,1,0,1
house,25,11,0,36
fish,6,4,0,10
hard,3,6,11,20
winnow,1,0,0,1
idea,1,0,0,1
foxes,0,0,1,1
connect,0,0,2,2
fist,2,0,0,2
ripple,1,0,0,1
harp,0,1,0,1
lovers,1,4,1,6
childish,1,0,0,1
hyder,0,1,0,1
acting,0,0,1,1
avenge,0,1,0,1
mahbub,0,3,0,3
pleasant,0,2,1,3
backed,1,0,0,1
beginning,1,1,2,4
needing,0,0,1,1
finches,0,1,0,1
audacity,1,0,0,1
jabbed,1,0,0,1
slithers,1,0,0,1
done,10,8,9,27
cups,1,0,0,1
razor,1,0,0,1
indulgent,0,1,0,1
divorce,1,0,0,1
revive,0,1,0,1
least,4,5,1,10
hollows,1,1,0,2
paint,1,2,1,4
mama,0,0,1,1
compromise,0,1,0,1
muscles,1,0,0,1
tom,0,2,0,2
park,3,2,0,5
sensation,0,1,0,1
part,2,3,4,9
muscled,1,0,0,1
doctors,3,0,0,3
believe,1,4,13,18
stirs,0,0,1,1
b,2,0,0,2
youth,0,4,1,5
supposed,0,0,1,1
sedate,0,1,0,1
clods,1,3,0,4
declare,0,1,0,1
swerve,1,0,0,1
ditches,0,2,0,2
ages,0,2,0,2
frailest,0,2,0,2
showers,0,3,0,3
ownerless,1,0,0,1
creased,0,1,0,1
aged,1,1,0,2
fading,0,2,0,2
mountain,5,1,0,6
built,4,2,2,8
dancing,1,3,2,6
pulsetempo,1,0,0,1
flares,1,2,0,3
rowed,0,1,0,1
lifts,2,2,0,4
build,2,2,2,6
deepening,0,1,0,1
zucchini,1,0,0,1
serene,1,2,0,3
eggs,0,1,0,1
unimagined,1,0,0,1
chart,1,0,0,1
depths,0,2,0,2
most,6,11,8,25
charm,0,3,0,3
moss,1,1,0,2
branching,0,1,0,1
whetted,0,1,0,1
drifts,1,1,0,2
reflections,0,0,1,1
joining,1,0,0,1
thomas,2,0,0,2
particularly,0,1,0,1
sparrow,1,0,0,1
swelling,0,0,1,1
scattered,1,1,0,2
hugging,1,0,0,1
finn,0,0,1,1
carefully,0,2,0,2
hopped,1,0,0,1
fine,3,11,4,18
find,9,13,9,31
giant,2,1,0,3
depended,1,0,0,1
hubcaps,1,0,0,1
unhappy,0,0,1,1
massing,0,1,0,1
fiend,0,1,0,1
override,0,1,0,1
8,1,0,0,1
gills,2,0,0,2
boulder,0,0,1,1
unendable,1,0,0,1
pristine,1,0,0,1
ferret,1,0,0,1
cheapen,1,0,0,1
breast,1,5,0,6
silk,0,3,0,3
sill,1,0,0,1
silo,1,0,0,1
spikes,0,2,0,2
contagious,0,0,1,1
whitening,0,1,0,1
common,0,1,0,1
gospel,0,2,0,2
restaurants,0,1,0,1
vino,0,1,0,1
devils,0,0,1,1
vine,0,2,0,2
lion,8,0,0,8
tender,2,1,0,3
feared,0,1,0,1
tunneled,1,0,0,1
please,4,4,9,17
halves,1,0,0,1
fans,1,0,0,1
smallest,1,0,0,1
distraught,0,1,0,1
burned,2,1,1,4
asway,0,1,0,1
historical,1,0,0,1
vanishing,2,1,0,3
drawings,0,1,0,1
floats,3,0,0,3
journeyed,0,2,0,2
restaurant,1,0,0,1
foreign,0,1,0,1
afar,0,2,1,3
consume,0,0,1,1
point,2,2,0,4
simple,2,1,0,3
gypsy,0,1,0,1
simply,2,0,4,6
throughout,0,1,0,1
patiently,0,0,1,1
consuming,0,1,0,1
weaving,0,1,0,1
raise,0,2,0,2
create,0,0,1,1
winneth,0,1,0,1
secret,3,4,0,7
dropping,0,1,1,2
4,3,0,0,3
slips,0,1,1,2
gay,0,2,0,2
decorous,0,1,0,1
gas,0,1,0,1
cruelty,0,3,0,3
dissension,0,1,0,1
understand,2,4,4,10
chatter,0,1,0,1
honking,1,0,0,1
fur,2,0,0,2
grains,0,0,1,1
bill,1,0,0,1
cluster,0,1,0,1
tiered,1,0,0,1
sobs,0,0,1,1
fun,0,3,12,15
vaults,1,0,0,1
century,2,0,0,2
cents,1,0,0,1
mystic,0,1,1,2
feace,0,1,0,1
encountered,1,0,0,1
itself,3,4,0,7
soeur,0,4,0,4
tribesmen,0,1,0,1
ruts,1,0,0,1
ingrain,0,1,0,1
galapagos,1,0,0,1
butcher,0,2,0,2
wherein,0,1,0,1
benign,0,1,0,1
degredation,0,1,0,1
ached,1,0,0,1
magnified,0,1,0,1
sapiens,0,1,0,1
strips,2,1,0,3
itch,1,0,0,1
keys,5,1,0,6
assignment,2,0,0,2
yesterday,2,0,2,4
husbands,1,0,0,1
moment,4,2,11,17
purpose,1,0,0,1
timid,1,0,0,1
task,0,3,0,3
tourture,0,1,0,1
spent,0,1,2,3
flags,0,1,0,1
y,1,0,0,1
spend,0,1,4,5
howl,1,1,0,2
echoing,1,0,0,1
isolated,1,0,0,1
profoundly,0,1,0,1
shape,3,2,0,5
unsought,0,1,0,1
wage,0,1,0,1
cut,4,2,1,7
cup,0,2,2,4
excites,1,0,0,1
danger,1,0,0,1
snag,1,0,0,1
shouting,1,3,0,4
deliberately,1,0,0,1
snap,1,0,0,1
lilacs,1,2,0,3
excited,1,1,0,2
hates,0,0,1,1
bin,1,0,0,1
confession,0,0,1,1
big,12,6,6,24
bid,0,4,0,4
matters,0,0,2,2
bit,0,2,1,3
knock,1,1,2,4
maples,2,0,0,2
follows,0,2,0,2
foolish,2,1,4,7
valleys,0,4,1,5
often,3,3,2,8
absolutely,2,0,0,2
obliged,0,1,0,1
back,36,19,26,81
martial,1,0,0,1
strongest,0,1,1,2
accelerate,1,0,0,1
mirror,4,1,4,9
candle,3,0,1,4
scuttled,0,1,0,1
lightning,0,1,0,1
ourselves,1,1,0,2
scald,0,0,1,1
balmy,1,0,0,1
pell,0,1,0,1
pen,0,5,0,5
lark,0,1,0,1
peg,0,1,0,1
aflame,0,1,0,1
laughing,1,13,1,15
patient,1,0,0,1
virtues,1,0,0,1
nitty,0,0,1,1
tripping,0,1,0,1
goods,2,1,0,3
god,11,21,12,44
iced,0,1,0,1
graduation,0,0,1,1
piled,2,1,0,3
beans,2,0,0,2
hindrances,0,0,1,1
invading,0,1,0,1
obscenely,1,0,0,1
remembrance,0,2,0,2
lesson,0,0,1,1
tweil,0,1,0,1
bores,0,1,0,1
assasin,0,1,0,1
explosives,0,1,0,1
homemade,1,0,0,1
forward,0,1,3,4
errant,1,0,0,1
frenzied,0,1,0,1
pounded,1,0,0,1
bacateria,0,1,0,1
hoped,0,0,1,1
boys,2,8,5,15
eaglehawk,0,1,0,1
delighting,0,1,0,1
hopes,0,2,1,3
aversion,1,0,0,1
possession,0,2,0,2
constant,1,0,0,1
flow,0,3,1,4
jaspers,0,1,0,1
gigantically,0,1,0,1
scarlet,0,3,0,3
single,0,0,2,2
cure,1,1,0,2
necks,1,0,0,1
obtuse,1,0,0,1
curl,0,3,1,4
cafe,1,0,0,1
prevail,0,1,0,1
denying,2,0,0,2
brethren,0,1,0,1
shagged,0,1,0,1
brushing,2,0,0,2
explaining,0,1,0,1
cellar,4,0,0,4
lend,1,2,0,3
firetruck,0,1,0,1
fished,1,1,0,2
lens,1,0,0,1
lushing,0,0,1,1
fishes,1,0,0,1
bulwarks,0,1,0,1
desert,0,1,0,1
mantel,1,0,0,1
downcast,1,2,0,3
strolled,1,0,0,1
southwind,0,1,0,1
cooked,1,0,0,1
implied,1,0,0,1
noon,0,1,0,1
rinse,2,0,0,2
loungers,1,0,0,1
tombs,0,1,0,1
pulsing,0,0,1,1
intricate,1,0,0,1
grays,1,0,0,1
uncleanly,0,1,0,1
graves,2,2,1,5
mower,0,1,0,1
blaze,2,2,0,4
mowed,0,1,0,1
fatal,0,2,0,2
random,2,0,0,2
unhurt,0,1,0,1
ophelia,0,1,0,1
rhyme,0,0,1,1
startlingly,1,0,0,1
putting,0,0,1,1
resonant,0,0,1,1
whene'er,0,1,0,1
entire,0,0,1,1
salad,0,1,0,1
t'were,0,2,0,2
shock,1,0,1,2
kinsmen,0,1,0,1
hardening,1,0,0,1
bleeding,2,1,1,4
crow,1,1,0,2
quakes,1,0,0,1
grooved,1,0,0,1
rivers,0,1,0,1
nephew,0,1,0,1
nests,0,1,0,1
depression,1,0,1,2
zest,0,1,0,1
wiggled,1,0,0,1
giving,0,1,3,4
1905,1,0,0,1
exercise,1,0,0,1
body,16,6,5,27
sins,1,0,0,1
nonexistent,0,0,1,1
baring,1,0,0,1
packing,1,0,0,1
objects,3,0,0,3
sink,1,1,0,2
others,5,3,7,15
sing,5,11,3,19
remark,0,2,0,2
stalks,2,2,0,4
drank,2,1,0,3
stalky,1,0,0,1
weekday,1,0,0,1
climb,3,1,1,5
clime,0,1,0,1
looted,1,1,0,2
composed,1,1,0,2
drums,0,1,0,1
speeches,0,1,0,1
limp,1,0,0,1
private,0,2,0,2
talon,1,0,0,1
beloved,0,1,0,1
names,12,1,0,13
limb,1,5,0,6
scandal,0,1,0,1
lime,2,3,0,5
hammered,1,0,0,1
totality,0,0,1,1
overbear,0,1,0,1
themselves,4,3,2,9
oily,1,0,0,1
bungalows,0,1,0,1
basalt,0,1,0,1
thatch,0,1,0,1
trail,1,1,0,2
train,3,3,1,7
ashamed,1,0,0,1
unforgiving,0,1,0,1
iii,1,3,0,4
fan,0,1,0,1
account,1,0,0,1
tunnel,1,0,0,1
crocked,0,0,1,1
unreal,1,1,0,2
crickets,0,2,0,2
praise,0,5,0,5
pelicans,1,0,0,1
industrial,1,0,0,1
closing,1,0,4,5
unpacking,1,0,0,1
reserved,1,0,0,1
boned,0,1,0,1
exclaims,0,1,0,1
fulfillment,0,1,0,1
bones,7,0,0,7
native,0,1,0,1
lamb,1,1,0,2
daring,0,1,1,2
lame,2,0,0,2
meditates,0,0,1,1
thrall,0,1,0,1
lamp,0,4,0,4
solitudes,0,1,0,1
forest,0,10,1,11
furnace,0,1,1,2
profile,1,0,0,1
changeless,0,1,0,1
buildings,4,1,0,5
summers,1,0,0,1
waters,0,4,0,4
bluff,1,0,0,1
trifling,0,1,0,1
chasing,0,1,0,1
bind,0,1,0,1
lines,3,1,1,5
trembling,1,5,0,6
chief,0,3,0,3
lined,1,0,0,1
dispraise,0,1,0,1
rutted,0,1,0,1
shreds,0,0,1,1
thyself,0,1,0,1
bunch,1,1,0,2
bridges,0,1,0,1
industrious,1,0,0,1
la,1,0,0,1
lo,0,3,0,3
ample,0,1,0,1
whereof,0,1,0,1
labor,1,0,0,1
squatting,1,0,0,1
marsh,0,2,0,2
revives,0,1,0,1
criminal,1,0,0,1
dad,1,2,1,4
tickled,1,0,0,1
sapling,0,1,0,1
greater,0,2,1,3
dam,0,1,0,1
spell,1,0,0,1
beads,1,0,0,1
cutting,1,0,0,1
kindness,2,4,0,6
day,33,26,45,104
frayed,2,0,0,2
slacken,0,1,0,1
freshness,0,0,1,1
slipping,1,0,0,1
gazing,2,1,0,3
strip,0,0,1,1
snodgrass,4,0,0,4
gongly,0,0,1,1
lesion,0,0,1,1
empires,0,1,0,1
mats,0,1,0,1
rollcall,1,0,0,1
disgusts,0,1,0,1
mate,0,1,1,2
messenger,0,1,0,1
asthmatic,1,0,0,1
smog,0,0,1,1
red,10,12,1,23
frank,1,0,0,1
grunting,1,0,0,1
bleed,0,1,0,1
yard,7,1,0,8
retract,0,1,0,1
ruins,0,0,1,1
mortal,1,2,1,4
barriers,0,1,0,1
retain,0,1,0,1
south,3,8,0,11
scalding,0,1,0,1
fuckyoufuckyoufuck,1,0,0,1
braced,1,0,0,1
savour,0,1,0,1
sack,2,1,0,3
alleys,2,0,0,2
reached,1,2,1,4
sockets,1,0,0,1
humblest,0,1,0,1
ancient,3,2,0,5
electrodes,1,0,0,1
laps,1,1,0,2
chased,1,1,0,2
ripples,0,1,0,1
reeboks,1,0,0,1
maidens,0,1,0,1
acquiescence,0,0,1,1
scant,1,0,0,1
jingle,0,1,0,1
ferocity,1,0,0,1
dissever,0,1,0,1
gear,0,2,0,2
agonies,0,1,0,1
nobody,7,3,2,12
dreary,1,1,0,2
unending,0,1,1,2
loved,1,6,10,17
o'er,0,16,0,16
flashed,1,0,0,1
loves,0,5,4,9
lover,1,5,1,7
coronation,0,1,0,1
wakes,0,1,1,2
curves,0,1,0,1
comfortable,0,0,2,2
tide,1,5,2,8
cavern,1,0,0,1
have,66,76,71,213
throat,3,3,0,6
mia,0,0,1,1
mid,0,2,0,2
mix,1,0,0,1
longings,0,1,0,1
e're,0,1,0,1
reciting,1,0,0,1
unless,0,0,1,1
crownèd,0,1,0,1
eight,4,0,0,4
prisoner,1,0,0,1
herman,1,0,0,1
afresh,0,1,0,1
gather,0,4,1,5
request,0,0,1,1
disease,1,0,0,1
planks,2,0,0,2
selection,0,0,1,1
text,1,0,0,1
charles,2,0,0,2
hamlet,0,1,0,1
rotating,1,0,0,1
gasping,1,0,0,1
incorruptible,0,1,0,1
lolling,1,0,0,1
coloring,1,0,0,1
ribboned,0,1,0,1
bracing,0,1,0,1
rends,0,1,0,1
pull,2,1,0,3
beat,4,3,5,12
bear,2,7,2,11
beam,1,0,0,1
bean,1,0,0,1
october,0,2,0,2
perfection,0,0,1,1
beak,0,1,0,1
thrives,0,1,0,1
calling,1,1,0,2
dome,0,1,0,1
rubato,1,0,0,1
including,1,0,0,1
fixed,3,1,0,4
joanna,1,0,0,1
madam,0,3,0,3
omission,1,0,0,1
farthest,0,1,0,1
exists,0,1,1,2
puddle,1,0,0,1
allures,0,1,0,1
yearning,0,1,4,5
daffodils,0,3,0,3
clearing,1,0,0,1
purses,0,1,0,1
routine,1,0,0,1
progress,0,1,0,1
bramble,0,1,0,1
adown,0,5,0,5
sorrow,2,1,8,11
jewelled,0,2,0,2
willing,0,1,2,3
instant,1,0,1,2
joke,1,2,1,4
taking,3,0,1,4
equal,1,1,2,4
pulp,1,0,0,1
conquered,0,1,0,1
passing,4,1,2,7
glorious,0,1,1,2
cornets,0,2,0,2
relevant,1,0,0,1
statues,1,1,0,2
reborn,0,1,0,1
laugh,1,9,8,18
manhood,0,1,0,1
escheated,0,1,0,1
tremendous,1,0,0,1
gaze,3,3,1,7
ah,1,6,0,7
curtain,3,1,0,4
bellows,0,2,0,2
hyacinth,1,1,0,2
cop,3,0,0,3
airplanes,0,1,0,1
ridden,1,0,0,1
finished,4,0,0,4
tense,0,1,0,1
bull,1,0,0,1
general,0,2,0,2
homes,0,1,1,2
plain,2,6,1,9
homey,1,0,0,1
appearance,1,0,0,1
value,0,1,0,1
unregretful,0,1,0,1
carved,0,0,1,1
chaotic,0,0,1,1
squid,1,0,0,1
helped,0,0,4,4
closets,2,0,0,2
creak,1,0,1,2
prose,1,0,0,1
partner,1,0,0,1
tranquil,1,0,0,1
tumbled,0,1,0,1
aguacero,1,0,0,1
slammed,0,0,1,1
tumbler,1,0,0,1
blooms,0,1,1,2
selfish,0,1,0,1
flew,0,2,1,3
spitting,1,0,0,1
sisters,1,0,2,3
judgment,0,0,1,1
center,1,1,0,2
thought,15,14,16,45
pobbles,0,1,0,1
sets,1,0,0,1
ravine,1,0,0,1
wreckage,1,0,0,1
usual,2,0,0,2
stores,1,0,0,1
022,1,0,0,1
domestic,1,0,0,1
tone,1,0,0,1
wether,0,0,1,1
bragging,0,1,0,1
terrorized,0,0,1,1
lake,1,3,0,4
bench,1,0,0,1
add,0,2,0,2
spirals,1,0,0,1
ravel,1,0,0,1
ought,0,1,1,2
resolved,0,1,0,1
tests,1,0,1,2
punctual,0,1,0,1
boardwood,1,0,0,1
royalty,0,0,1,1
resolves,1,0,0,1
like,100,58,70,228
success,0,1,1,2
sofa,1,0,0,1
khyber,0,2,0,2
squinched,1,0,0,1
soft,5,10,7,22
audible,0,0,1,1
heel,0,2,0,2
straightway,0,1,0,1
crazily,1,0,0,1
hail,0,1,0,1
hair,10,8,3,21
proper,1,2,0,3
stuffy,1,0,0,1
happens,1,4,1,6
hurricane,0,1,0,1
shelter,0,1,1,2
bustling,0,1,0,1
headlights,1,0,0,1
chains,1,1,0,2
panes,0,0,1,1
rumps,1,0,0,1
noise,1,2,1,4
slight,0,2,0,2
oiled,2,0,0,2
stellar,0,1,0,1
host,1,2,0,3
although,3,2,2,7
worthy,0,1,0,1
christened,1,0,0,1
retribution,0,1,0,1
gifts,0,1,1,2
about,18,13,33,64
boards,1,0,0,1
certainty,0,0,1,1
gizzards,1,0,0,1
dunken,0,1,0,1
toadstool,1,0,0,1
tailed,0,2,0,2
tomb,0,2,2,4
introduced,1,0,0,1
billions,0,0,1,1
chronic,1,0,0,1
guard,0,2,3,5
magnanimities,0,1,0,1
female,1,0,0,1
legends,0,1,0,1
adolescent,1,0,0,1
brides,1,0,0,1
rushes,0,1,0,1
avowed,0,1,0,1
bees,2,2,0,4
glimmer,0,2,0,2
maze,1,2,3,6
woodpecker,0,1,0,1
ivory,1,0,0,1
buy,3,1,0,4
chatting,1,0,0,1
bus,1,0,0,1
brand,1,1,0,2
but,66,116,113,295
reminds,1,0,1,2
bud,1,1,0,2
genitals,1,0,0,1
wisc,0,1,0,1
wise,1,5,0,6
princes,0,2,0,2
glory,0,4,1,5
dangerous,1,1,0,2
mists,0,1,0,1
thrice,0,1,0,1
preyed,1,0,0,1
rabbits,1,1,0,2
whisper,1,2,1,4
pig,3,1,0,4
pit,1,0,0,1
campus,1,0,0,1
speculum,1,0,0,1
dressed,3,1,0,4
oak,3,1,1,5
detail,2,0,0,2
virtual,1,0,0,1
oar,3,0,0,3
granite,1,1,0,2
dresses,1,0,0,1
beakless,1,0,0,1
wallow,0,0,2,2
suppurating,1,0,0,1
dogtags,1,0,0,1
gloriously,0,1,0,1
stirred,0,1,0,1
vwold,0,1,0,1
yell,0,0,2,2
baked,0,0,1,1
hats,1,0,0,1
sleek,2,0,0,2
sleet,0,1,0,1
hath,0,3,0,3
sleep,12,8,9,29
hate,3,4,7,14
feeding,0,1,0,1
brackish,1,0,0,1
paris,2,1,0,3
snipe,0,1,0,1
thinnest,0,0,1,1
under,22,24,5,51
pride,1,0,4,5
regrets,0,1,1,2
wondrous,0,1,0,1
merchant,0,1,0,1
risk,0,0,1,1
rise,3,5,3,11
every,11,14,15,40
sailing,0,1,0,1
softened,0,1,1,2
fireplace,1,0,0,1
monkeys,1,0,0,1
missionary,0,1,0,1
discovers,0,1,0,1
school,1,1,1,3
parrot,0,1,0,1
loneliness,2,0,1,3
glues,1,0,0,1
flutters,1,0,0,1
guiding,0,0,1,1
eileen,1,0,0,1
parted,1,1,0,2
picketed,0,1,0,1
throught,0,1,0,1
feathery,1,0,0,1
feathers,2,0,0,2
surrounding,0,0,1,1
street,7,6,2,15
friendships,0,1,0,1
emptiness,1,0,0,1
shining,1,7,1,9
blue,24,19,6,49
hide,1,2,0,3
blueback,1,0,0,1
solemn,1,1,0,2
beaten,1,1,0,2
revolver,0,1,0,1
sulphurous,1,0,0,1
children,10,11,7,28
ebbs,0,0,1,1
supplies,0,1,0,1
seeks,0,1,0,1
kicked,0,0,2,2
stared,4,0,2,6
path,2,1,2,5
stares,0,0,2,2
voice,1,5,6,12
vikings,0,1,0,1
hideously,0,1,0,1
leaves,6,6,6,18
changed,3,0,1,4
changes,3,1,0,4
punishment,0,0,1,1
prints,1,0,0,1
resurrected,0,1,0,1
stray,0,2,0,2
straw,0,1,0,1
visibly,0,0,1,1
feelings,1,5,5,11
sorrows,0,0,2,2
patience,1,1,1,3
assed,1,0,0,1
would,37,54,26,117
appeasing,0,1,0,1
hospital,3,0,0,3
beetles,1,0,0,1
conquer,0,1,0,1
spike,1,0,0,1
twopenny,0,1,0,1
tradesman,0,1,0,1
breathe,3,2,1,6
portraiture,0,1,0,1
grief,3,4,1,8
phone,3,0,1,4
connecticut,1,0,0,1
breaths,1,0,0,1
excellent,1,1,0,2
pouch,1,0,0,1
must,7,17,15,39
me,84,118,159,361
ma,0,4,0,4
inexactly,1,0,0,1
mo,2,0,0,2
henry,6,6,0,12
palpitating,1,0,0,1
my,170,167,251,588
shook,1,3,0,4
fanes,0,2,0,2
preserving,1,0,0,1
sentries,0,1,0,1
mermaids,0,1,0,1
keep,12,5,12,29
looses,0,1,0,1
ceremony,0,2,0,2
end,7,5,19,31
sitting,1,2,3,6
writers,1,0,0,1
aching,2,2,1,5
gate,1,5,2,8
eyeballs,1,0,0,1
badly,1,0,0,1
pokes,0,1,0,1
sparklen,0,1,0,1
mouths,3,1,0,4
lump,1,1,0,2
jumping,1,0,0,1
poked,1,0,0,1
parallel,1,1,0,2
girders,1,0,0,1
amid,0,4,1,5
acknowledged,0,1,0,1
hypnotic,0,0,1,1
patent,0,1,0,1
upside,1,0,0,1
ultimate,0,2,0,2
enter,5,1,2,8
aloud,1,2,0,3
vapor,0,1,0,1
untold,0,0,1,1
over,34,19,14,67
expects,1,0,0,1
sickly,0,1,0,1
oven,1,1,0,2
carnal,0,1,0,1
glances,0,1,0,1
beside,10,6,1,17
canto,0,1,0,1
writing,4,0,1,5
destroyed,0,0,1,1
tramp,0,1,0,1
entranced,0,1,0,1
fade,0,0,1,1
smouldering,0,1,0,1
denizens,1,0,0,1
diseases,1,0,0,1
powerful,0,1,0,1
plaster,2,0,0,2
shadows,6,7,4,17
gloom,0,2,0,2
vound,0,1,0,1
shadowy,1,2,0,3
trustful,0,1,0,1
chuck,0,1,0,1
explode,1,0,0,1
filling,3,2,0,5
capricious,0,1,0,1
victory,1,1,0,2
each,26,21,20,67
lasting,0,2,2,4
diana,0,1,0,1
fussing,0,0,1,1
ghosts,0,1,1,2
saturday,2,0,0,2
overcame,1,0,0,1
driving,1,0,0,1
trumpeter,0,1,0,1
haired,1,0,0,1
washed,3,1,2,6
laid,2,6,2,10
motes,0,1,0,1
lain,0,2,0,2
got,6,5,23,34
newly,2,0,0,2
washes,1,0,0,1
independence,1,0,1,2
perception,0,0,2,2
repining,0,1,0,1
eternal,1,4,0,5
free,1,6,7,14
aforesaid,0,1,0,1
rain,6,5,4,15
wanted,4,0,7,11
fret,0,0,1,1
glimpsing,0,1,0,1
grasses,1,0,0,1
days,10,9,10,29
filter,0,0,1,1
hopeless,0,1,3,4
onto,2,0,0,2
rang,1,1,0,2
already,4,3,6,13
officious,0,1,0,1
rank,1,2,0,3
hearing,1,0,2,3
fantasy,0,0,1,1
wrapper,0,1,0,1
sober,1,0,0,1
bandaged,1,0,0,1
dysfunction,0,0,1,1
lulled,1,0,0,1
top,4,1,1,6
à,0,1,0,1
fiction,0,1,0,1
toh,2,0,0,2
ton,1,0,1,2
too,11,22,10,43
wildly,0,1,0,1
gowns,0,1,0,1
toe,1,0,0,1
ceiling,1,1,0,2
yuletide,0,0,1,1
centered,1,0,0,1
tool,0,2,0,2
brushes,1,1,0,2
took,12,8,9,29
kindest,0,1,0,1
western,0,1,0,1
unsaid,0,1,0,1
nominate,1,0,0,1
flame,1,3,0,4
nervous,0,1,1,2
amidships,0,1,0,1
countess,0,1,0,1
bridge,1,1,0,2
fashion,0,3,1,4
bards,0,1,0,1
ran,3,5,1,9
talking,4,1,0,5
rat,6,1,0,7
cleaves,0,1,0,1
lunchtime,2,0,0,2
leafy,1,2,0,3
nipples,1,0,0,1
weaponlike,1,0,0,1
1964,1,0,0,1
thoroughly,1,0,0,1
snow,5,12,1,18
laughed,0,1,0,1
cleft,0,1,0,1
rider,0,1,0,1
inured,0,1,0,1
crumpled,0,1,0,1
though,8,20,5,33
glimpses,0,1,0,1
plenty,0,2,0,2
coil,0,1,0,1
coin,2,0,0,2
parting,0,1,2,3
glow,1,3,0,4
mixt,0,1,0,1
partition,0,1,0,1
metal,1,0,0,1
swerved,1,0,0,1
curie,1,0,0,1
storm,2,6,0,8
bait,1,2,0,3
inspire,0,2,0,2
alight,2,0,0,2
queen,2,2,0,4
colors,0,1,2,3
earth,14,16,5,35
schooners,0,1,0,1
sunsets,0,1,0,1
spite,2,2,1,5
situations,0,1,0,1
minnesota,1,0,0,1
refreshment,0,1,0,1
spits,0,1,0,1
liquified,0,0,1,1
soundless,0,1,0,1
shrine,0,1,0,1
kindling,0,1,0,1
watch,5,7,4,16
baffle,0,1,0,1
wedding,1,0,0,1
report,0,1,0,1
knocks,1,0,0,1
fabrics,0,0,1,1
angers,1,0,0,1
hesper,0,1,0,1
countries,0,0,1,1
doting,0,1,0,1
twice,2,1,0,3
automatic,1,0,0,1
thanks,1,1,1,3
swept,4,1,2,7
habit,1,1,0,2
liquor,1,0,0,1
sharpens,1,0,0,1
proclaims,1,0,0,1
rarity,0,1,0,1
chattered,0,1,0,1
unpainted,1,0,0,1
grandmother,4,2,0,6
mud,0,3,0,3
catalogue,0,1,0,1
finger,3,1,2,6
hopefully,0,0,1,1
approach,1,0,0,1
drowse,0,1,0,1
he/she,0,0,1,1
confusion,0,0,1,1
buckeyes,1,0,0,1
weak,0,2,2,4
however,1,0,0,1
otherwise,0,1,0,1
nightmares,1,0,0,1
rime,1,0,0,1
wear,1,2,1,4
spurt,0,1,0,1
news,1,0,0,1
improve,1,0,0,1
protect,0,1,0,1
rhythms,1,0,0,1
disengage,0,0,1,1
faces,2,7,2,11
unheeded,0,1,0,1
lenses,1,0,0,1
confide,0,0,1,1
vexes,0,1,0,1
hast,0,6,0,6
majestic,0,1,1,2
trust,1,0,2,3
bathroom,0,0,1,1
pedaling,1,0,0,1
beef,1,0,0,1
ropes,1,1,0,2
been,20,15,8,43
quickly,1,3,0,4
beer,2,0,0,2
trampled,1,1,0,2
unblessing,1,0,0,1
bladder,1,0,0,1
uncommon,1,1,0,2
catch,4,0,0,4
glides,0,1,0,1
openings,0,1,0,1
deeps,0,2,0,2
dells,0,1,0,1
fallow,0,1,0,1
parched,1,0,0,1
torment,1,0,1,2
cracked,3,1,0,4
decanted,1,0,0,1
accessories,0,0,1,1
experts,0,1,0,1
experience,0,1,0,1
exterior,0,0,1,1
punctuality,0,1,0,1
swale,1,0,0,1
furled,0,1,0,1
wound,1,0,0,1
forehead,2,0,1,3
inventory,1,0,0,1
advances,0,0,1,1
several,0,1,0,1
peaks,0,6,0,6
screw,1,0,0,1
misery,0,4,0,4
springtime,0,0,1,1
greeted,0,1,0,1
action,0,4,0,4
characters,0,1,0,1
dylan,0,0,1,1
disfigurements,0,1,0,1
possessed,1,2,0,3
ocean,0,2,0,2
greatest,1,4,2,7
mother,17,5,12,34
alarms,0,2,0,2
hearts,1,11,5,17
thumbs,1,0,0,1
followed,0,1,0,1
niggers,2,0,0,2
elf,0,0,1,1
patching,1,1,0,2
fall'n,0,1,0,1
pitiful,0,0,1,1
gave,3,5,11,19
turquoise,1,1,0,2
bandy,0,1,0,1
casting,0,1,0,1
bands,1,0,1,2
breaks,0,0,2,2
sussex,0,4,0,4
descending,2,0,0,2
rip,0,0,1,1
battled,0,3,0,3
judge,0,2,1,3
burns,0,1,1,2
nacre,0,1,0,1
rumor,1,0,0,1
apart,2,1,11,14
melting,0,2,0,2
58,1,0,0,1
gift,2,4,4,10
zeal,0,1,0,1
orlando,0,1,0,1
offices,1,0,0,1
flaps,0,0,1,1
hung,7,8,0,15
willows,1,0,0,1
petting,1,0,0,1
finny,1,0,0,1
proudly,0,1,0,1
donald,1,0,0,1
apparent,0,1,0,1
intellect,0,1,0,1
embodied,0,2,0,2
ice,0,3,0,3
everything,5,8,4,17
icy,3,0,0,3
loins,1,1,0,2
cnn,1,0,0,1
landward,0,1,0,1
christmas,1,1,12,14
splendor,0,1,0,1
cord,0,1,0,1
core,2,0,1,3
brawl,1,0,0,1
corn,1,1,0,2
lamps,0,1,0,1
garnished,0,1,0,1
attacks,0,1,0,1
plum,1,0,0,1
surround,0,0,1,1
plunging,0,2,0,2
dinner,0,1,0,1
coiled,1,1,0,2
steadily,0,0,1,1
twitch,2,0,0,2
duke,0,2,0,2
primitive,1,0,0,1
aha,0,1,0,1
froze,1,0,0,1
presence,1,4,1,6
civil,1,0,0,1
hornbeam,1,0,0,1
fern,0,1,0,1
finely,1,0,0,1
coastal,0,0,1,1
camped,0,1,0,1
fairyland,0,1,0,1
pearl,0,3,0,3
transform,1,0,0,1
sunlight,5,2,1,8
why,2,13,20,35
stuck,1,0,2,3
fought,1,2,0,3
crews,0,1,0,1
gin,3,0,0,3
head,18,6,10,34
medium,0,1,0,1
heal,0,1,0,1
heat,0,1,0,1
hear,11,15,8,34
heap,2,1,0,3
counsel,0,1,0,1
lashed,1,0,0,1
bargain,1,0,0,1
twixt,0,1,0,1
adore,0,0,1,1
panicky,1,0,0,1
trim,0,1,0,1
brightly,0,3,1,4
hams,1,0,0,1
cobbles,1,0,0,1
shines,3,1,0,4
trip,0,0,1,1
constructed,1,0,0,1
pipe,0,2,0,2
faithful,0,1,0,1
eerie,0,0,1,1
whereas,1,0,0,1
tip,1,0,0,1
vanishes,1,0,1,2
tis,0,6,0,6
setting,0,0,1,1
tie,1,3,0,4
confusing,0,1,0,1
erosion,0,0,1,1
papery,2,0,0,2
squeals,1,0,0,1
eternity,0,1,1,2
picture,0,2,2,4
phoenix,0,0,1,1
suppers,1,0,0,1
flushes,0,1,0,1
gallants,0,1,0,1
ridges,0,1,0,1
dappled,0,3,0,3
flushed,0,0,1,1
thorax,1,0,0,1
apologizing,0,0,1,1
faster,1,2,4,7
sacks,2,0,0,2
vietnam,1,0,0,1
remarked,0,1,0,1
ain't,1,0,1,2
intimacy,0,1,0,1
stacks,1,0,0,1
disaligned,1,0,0,1
coach,1,0,0,1
rom,1,0,0,1
rod,1,0,0,1
extremities,1,0,0,1
rot,4,0,0,4
row,2,0,0,2
floweret,0,1,0,1
passage,0,4,0,4
flowered,1,0,0,1
discovering,1,0,0,1
hammers,1,0,0,1
goodyear,1,0,0,1
coop,0,1,0,1
advantage,0,1,2,3
bluffs,1,0,0,1
roving,1,0,0,1
cool,4,0,1,5
clouds,2,5,1,8
level,2,2,0,4
posts,2,0,0,2
brother,2,6,2,10
encroach,0,2,0,2
quick,4,3,1,8
separations,0,1,0,1
heinz,1,0,0,1
says,15,1,7,23
deafmutes,1,0,0,1
obsolete,0,1,0,1
invaded,0,1,0,1
dried,0,1,0,1
bales,1,1,0,2
chicken,1,1,0,2
substitute,1,0,0,1
stands,1,3,0,4
agrees,1,0,0,1
goes,6,10,7,23
reply,0,3,0,3
belsen,1,0,0,1
scripted,1,0,0,1
water,11,7,6,24
witch,2,0,0,2
boast,1,1,0,2
dee,0,1,0,1
cinnamon,0,1,0,1
weird,0,1,0,1
lowers,0,0,1,1
convolution,0,1,0,1
unbidden,2,0,0,2
paralyzed,0,0,1,1
roundnesses,1,0,0,1
shelley,0,11,0,11
peep,0,0,1,1
bulbs,1,0,0,1
vivid,0,1,0,1
wrecking,0,1,0,1
variously,1,0,0,1
handler,0,2,0,2
prey,2,0,0,2
memory,9,5,3,17
today,7,1,13,21
smeared,0,1,1,2
vaguest,1,0,0,1
lawns,1,1,0,2
riot,1,0,0,1
altar,1,1,0,2
chocolate,2,0,1,3
chaff,0,1,0,1
dismal,0,1,0,1
flapping,0,1,0,1
shafts,1,0,0,1
cases,1,0,0,1
sheds,0,0,1,1
thousands,0,1,0,1
pickle,1,0,0,1
coral,1,0,0,1
streak,0,1,0,1
nursing,0,1,0,1
figure,1,2,2,5
stroke,0,3,0,3
dropped,2,1,0,3
counting,0,1,0,1
monuments,0,1,0,1
innumerable,1,0,0,1
laylah,0,3,0,3
1,0,0,1,1
sprouting,1,0,0,1
cardinal,1,0,0,1
bonded,1,0,0,1
fourth,1,1,0,2
khuttuck,0,1,0,1
speaks,0,1,4,5
etched,1,0,0,1
siren,0,1,0,1
crashed,0,0,1,1
birthday,2,1,0,3
trickling,0,1,0,1
perseus,0,1,0,1
'sle,0,1,0,1
branches,2,1,1,4
awkward,0,1,0,1
liquid,1,0,0,1
stupidly,0,0,1,1
inform,0,1,0,1
reaper,0,1,1,2
glancing,0,0,1,1
imagining,0,2,1,3
comfort,2,2,2,6
joins,0,1,0,1
furnished,1,1,0,2
accolades,1,0,0,1
unwreathed,0,1,0,1
worship,0,1,0,1
dreading,0,0,1,1
poplars,0,1,0,1
farmer,0,1,0,1
swans,1,0,0,1
happened,3,0,3,6
lonely,3,9,1,13
footman,0,1,0,1
underneath,3,4,0,7
cowering,0,0,1,1
grows,0,1,3,4
name,7,7,5,19
clutch,1,0,0,1
advent,0,1,0,1
possibilities,0,0,1,1
unburdened,0,0,1,1
weighted,1,0,0,1
lieutenancy,0,1,0,1
persian,0,1,0,1
farewell,0,1,0,1
begun,1,0,0,1
distended,1,0,0,1
sunrise,1,1,0,2
intended,0,0,1,1
tulips,0,1,0,1
abounding,1,0,0,1
shouldn't,0,0,1,1
she,70,77,43,190
eagle,1,0,0,1
booby,2,0,0,2
hull,0,1,0,1
delude,0,1,0,1
turn,11,10,7,28
place,8,8,8,24
turf,0,1,0,1
view,0,2,1,3
childhood,7,2,0,9
1000,1,0,0,1
suspend,1,0,0,1
surviving,1,0,0,1
knoweth,0,4,0,4
supernal,0,1,0,1
clumsy,1,0,0,1
deep'nen,0,1,0,1
cubano,1,0,0,1
millions,0,0,1,1
rented,1,0,0,1
clanking,1,0,0,1
given,3,4,2,9
prayers,0,1,0,1
plastic,2,0,0,2
returns,0,1,0,1
peddled,0,1,0,1
white,30,17,6,53
giver,0,1,0,1
gives,1,1,1,3
exploring,0,0,1,1
hub,0,0,1,1
reverie,0,1,0,1
season,3,2,3,8
released,2,0,0,2
alas,0,2,0,2
salvator,0,1,0,1
naught,0,3,0,3
grunt,1,0,0,1
remounted,1,0,0,1
wide,3,3,4,10
looting,1,0,0,1
oats,1,0,0,1
schooled,0,1,0,1
mariner,0,1,0,1
oath,0,1,0,1
and,550,789,417,1756
rend,0,0,1,1
e'thly,0,1,0,1
ann,0,1,0,1
confessed,0,1,0,1
rent,0,1,0,1
any,10,9,6,25
batting,1,0,0,1
silhouette,0,1,1,2
ideas,0,2,0,2
malta,0,1,0,1
wandered,1,1,0,2
dining,1,0,0,1
strengths,1,0,0,1
surf,1,1,1,3
sure,4,9,1,14
aspen,0,1,0,1
falls,5,2,2,9
leroi,3,0,0,3
cleared,0,1,0,1
annum,0,1,0,1
egoists,0,1,0,1
later,3,1,0,4
hungry,0,1,1,2
pipers,0,1,0,1
slope,0,1,0,1
perch,0,2,0,2
cheat,0,1,1,2
hack,0,0,1,1
trot,0,0,1,1
gulf,0,1,0,1
crimped,1,0,0,1
state,0,1,0,1
shimmer,1,0,0,1
skillets,1,0,0,1
fickle,0,1,1,2
wood,3,7,0,10
believing,0,1,0,1
dreaded,1,0,0,1
lighted,0,1,0,1
tock,0,0,1,1
jazz,2,0,0,2
leatest,0,1,0,1
crude,1,0,0,1
hedge,1,1,0,2
treachery,0,1,1,2
reveal,0,1,1,2
flecks,1,0,0,1
dramas,1,0,0,1
naked,4,3,0,7
jokes,0,0,1,1
discussing,1,0,0,1
reveals,0,1,0,1
picnic,1,0,0,1
gethsemane,0,1,0,1
parking,1,0,0,1
detect,0,1,0,1
ways,2,4,4,10
review,1,0,0,1
definite,0,1,0,1
weapons,1,0,1,2
outside,5,1,0,6
invokes,0,1,0,1
hiss,1,0,1,2
sirens,1,0,0,1
cheaks,0,2,0,2
attesteth,0,1,0,1
densely,1,0,0,1
emotional,0,0,2,2
comb,1,5,0,6
come,32,34,15,81
grieved,1,1,0,2
byes,0,0,1,1
reaction,1,0,0,1
region,0,1,0,1
priests,0,1,0,1
quiet,6,2,1,9
berry,1,0,0,1
railway,0,1,0,1
utterance,0,1,0,1
duty,1,1,0,2
filtering,1,0,0,1
ceremonious,0,1,0,1
merry,0,5,0,5
swaggering,1,0,0,1
color,4,1,0,5
continuation,0,0,1,1
pot,0,1,0,1
hunched,1,0,0,1
period,1,0,0,1
insist,0,0,1,1
satisfaction,1,0,1,2
pole,0,2,0,2
pitifulness,0,1,0,1
jammed,1,0,1,2
babbling,0,1,0,1
pod,1,0,0,1
stroking,1,1,0,2
turkey,0,0,1,1
forbearing,0,0,1,1
peaceful,1,0,1,2
cords,0,1,0,1
hardly,3,3,0,6
engine,3,0,0,3
direction,1,0,0,1
tasteless,1,0,0,1
robbed,0,1,0,1
blessing,1,1,1,3
andrew,1,0,0,1
careful,2,0,0,2
spirit,2,7,2,11
pilot,0,1,0,1
case,1,0,1,2
hughes,1,0,0,1
mount,0,2,0,2
cupping,1,0,0,1
cast,6,3,2,11
slippery,1,0,0,1
mound,1,0,1,2
trackless,1,0,0,1
candies,1,0,0,1
telephone,1,0,0,1
good,8,18,15,41
reshape,0,0,1,1
granted,0,2,2,4
bowl,1,2,0,3
bermuda,1,0,0,1
physical,1,0,0,1
events,1,2,0,3
week,2,0,0,2
tipsy,0,1,0,1
mockery,0,1,1,2
applaud,0,1,0,1
nest,1,4,0,5
driver,2,0,0,2
drives,2,1,0,3
muffled,1,3,0,4
weed,3,0,0,3
driven,3,3,1,7
persons,0,1,0,1
petticoat,0,1,0,1
delicate,2,0,0,2
statue,1,0,0,1
changing,2,3,4,9
weep,4,2,4,10
longing,1,2,0,3
no,45,53,50,148
magical,1,1,1,3
without,15,10,17,42
flakes,0,3,0,3
relief,2,0,0,2
components,1,0,0,1
model,2,0,0,2
reward,0,1,0,1
bodies,5,1,1,7
desolate,0,3,0,3
when,54,83,81,218
guided,0,0,1,1
actions,0,0,3,3
lavish,0,3,0,3
kill,1,3,2,6
polish,0,1,0,1
satin,0,1,0,1
captured,0,0,1,1
blow,0,6,1,7
announcement,1,0,0,1
gentleness,0,0,1,1
hint,2,1,0,3
rose,6,10,0,16
seems,5,6,5,16
except,5,2,1,8
complain,1,1,1,3
lets,1,0,1,2
luscious,0,1,0,1
rosy,0,1,0,1
flashing,1,1,0,2
kingdom,0,1,0,1
virginia,1,0,0,1
confines,0,1,0,1
vanquishes,0,0,1,1
cookoo,0,0,1,1
mugger,1,0,0,1
snore,2,0,0,2
sternly,0,1,0,1
tower,0,4,0,4
ya'ani,1,0,0,1
madrid,1,0,0,1
snatched,0,2,0,2
table,6,1,1,8
provided,0,1,0,1
mood,0,1,0,1
slick,1,0,0,1
stops,1,1,2,4
moon,13,6,1,20
severed,1,1,0,2
poem,8,1,5,14
nails,2,0,0,2
loudest,0,1,0,1
resurrection,0,0,1,1
rearranging,1,0,1,2
on,148,120,77,345
gaily,0,1,0,1
ok,0,0,2,2
oh,8,15,10,33
of,421,525,173,1119
shrimp,1,0,0,1
whence,0,1,0,1
stand,6,9,14,29
scornful,0,1,0,1
ov,0,3,0,3
gregory,0,1,0,1
or,64,72,26,162
amber,3,0,0,3
annoyances,0,0,1,1
ladies,0,3,0,3
rued,0,1,0,1
curses,0,1,0,1
instruments,0,1,0,1
cursed,0,2,1,3
everyone,0,0,4,4
rising,3,4,0,7
bends,1,0,0,1
buds,0,2,0,2
there,51,66,46,163
strict,1,0,0,1
racist,0,0,1,1
shamelessly,1,0,0,1
regard,0,1,0,1
jut,0,1,0,1
rouse,0,1,0,1
longer,5,1,6,12
tiptoe,1,0,0,1
grasp,0,2,1,3
grass,16,4,3,23
creeping,0,1,1,2
castles,0,0,1,1
taste,2,2,0,4
politics,1,0,0,1
resonating,0,0,1,1
stumbled,2,0,0,2
rubbed,0,1,0,1
bicycling,0,1,0,1
idiot,0,0,1,1
deserve,0,0,4,4
swords,0,1,0,1
rubber,1,0,0,1
roses,1,4,0,5
longed,1,1,0,2
5,1,1,0,2
calchas,0,1,0,1
babylon,0,1,0,1
oneself,1,0,1,2
separate,2,0,0,2
symbol,1,1,0,2
whiskers,0,1,0,1
hawthorne,0,1,0,1
perry,0,0,2,2
bullets,1,1,0,2
recognise,0,1,0,1
hornpipe,0,1,0,1
brass,1,1,0,2
calls,0,2,0,2
wife,5,0,3,8
odds,0,2,0,2
curve,1,0,0,1
rimmed,1,0,0,1
treason,0,0,1,1
peeks,1,0,0,1
swirls,1,0,0,1
throes,0,1,0,1
lace,1,1,0,2
ali,0,3,0,3
wreath,0,1,0,1
swerving,2,0,0,2
barons,0,1,0,1
follow,2,2,6,10
wakened,1,0,0,1
glimpse,0,0,1,1
begirt,0,1,0,1
sparkling,0,0,2,2
painter,2,0,0,2
defuse,1,0,0,1
immutable,1,0,0,1
woman,21,6,0,27
worse,0,0,2,2
song,8,13,3,24
far,7,24,3,34
fat,1,2,0,3
sons,0,1,1,2
worst,0,3,1,4
awful,0,1,0,1
soles,0,1,0,1
hamden,1,0,0,1
list,0,1,0,1
wilt,0,2,0,2
undone,0,1,0,1
fluent,0,0,1,1
entourage,1,0,0,1
rats,2,0,0,2
ten,9,2,0,11
tea,0,3,1,4
translating,1,0,0,1
rate,0,1,0,1
design,0,1,1,2
remarkably,0,1,0,1
what,64,57,51,172
sun,18,22,8,48
magnolia,1,0,0,1
brief,1,1,0,2
crush,0,3,0,3
racing,0,1,0,1
guns,0,0,1,1
womb,1,1,0,2
toes,3,11,1,15
solars,0,0,1,1
decrepitude,1,0,0,1
themself,0,1,0,1
condenses,0,0,1,1
directions,1,0,0,1
tragedy,0,4,0,4
thrift,0,1,0,1
allows,1,0,0,1
stiffness,0,1,0,1
acorn,0,1,0,1
suddenly,5,4,1,10
solitude,1,1,0,2
snug,1,0,0,1
1907,1,0,0,1
1945,2,0,0,2
florence,0,1,0,1
proceed,0,1,0,1
seaward,0,1,0,1
faint,1,2,0,3
conspiring,1,0,0,1
aconite,0,1,0,1
seeps,0,0,1,1
horses,2,2,0,4
flat,1,1,0,2
knows,4,7,4,15
mire,0,1,0,1
mad,1,3,4,8
flag,0,1,0,1
stick,2,1,0,3
known,1,3,4,8
waxes,0,1,0,1
glad,0,5,1,6
eden,0,1,0,1
shielded,0,1,1,2
equation,1,0,0,1
wrestler,0,1,0,1
v,1,0,0,1
blossoming,0,1,0,1
feebly,0,2,0,2
joints,1,0,0,1
arise,0,1,0,1
pond,1,1,0,2
terrestrial,0,1,0,1
jumrood,0,1,0,1
court,0,1,0,1
goal,0,0,1,1
rather,5,2,0,7
breaking,1,2,3,6
conducted,0,1,0,1
untied,0,1,0,1
speeding,1,0,0,1
explains,1,0,0,1
tinfoil,1,0,0,1
simplicity,0,0,1,1
okay,2,0,1,3
shrivelling,0,1,0,1
panoramic,1,0,0,1
lighting,1,0,0,1
numb,0,1,1,2
replete,0,0,1,1
short,0,1,1,2
chiefly,0,1,0,1
shady,0,2,0,2
shore,0,5,3,8
shade,3,7,0,10
balloon,0,1,0,1
don't,17,2,43,62
september,2,0,0,2
developed,0,1,0,1
rooted,0,1,0,1
style,1,0,1,2
blast,0,3,0,3
pray,1,2,4,7
strange,5,9,1,15
might,11,3,6,20
somebody,1,0,0,1
speechless,0,2,0,2
sundrops,0,1,0,1
hunted,1,0,0,1
smoothness,1,0,0,1
fasten,0,1,0,1
stroked,0,1,0,1
hammering,0,1,0,1
friendship,2,2,0,4
isinglass,1,0,0,1
weighs,0,0,1,1
tilted,2,1,0,3
pirates,0,1,0,1
weight,1,2,0,3
generation,0,1,0,1
duchess,0,3,0,3
scratching,0,1,0,1
stilled,0,1,0,1
alcohol,0,0,3,3
tipplers,0,1,0,1
hilt,0,1,0,1
puckering,0,1,0,1
reverend,0,1,0,1
hill,3,4,0,7
kilns,1,0,0,1
tassell,0,1,0,1
monotone,0,1,0,1
monotony,0,0,1,1
teach,0,0,2,2
sidewalk,1,0,0,1
jew,0,1,0,1
thrown,1,0,0,1
thread,2,0,3,5
cremates,1,0,0,1
threat,1,0,1,2
twenty,3,7,0,10
fallen,4,3,1,8
throws,0,1,0,1
feed,5,1,1,7
seeming,0,0,1,1
feel,2,17,41,60
relate,0,1,1,2
fancy,1,1,0,2
feet,6,8,4,18
sympathy,0,1,0,1
revolution,0,1,0,1
wench,0,1,0,1
blank,2,0,1,3
regret,0,1,2,3
passes,1,1,1,3
story,2,2,4,8
breathless,0,1,0,1
leading,0,2,2,4
grime,0,1,0,1
hangs,0,0,1,1
swarm,1,1,0,2
passed,4,3,1,8
pitted,0,1,0,1
store,2,2,1,5
convinces,0,0,1,1
treasures,0,0,1,1
convinced,1,0,1,2
shrunken,1,0,0,1
king,0,17,1,18
kind,3,3,4,10
double,1,0,0,1
aglint,0,1,0,1
dank,1,0,0,1
munificence,0,1,0,1
lancing,1,0,0,1
tongues,1,1,0,2
alike,0,2,0,2
vileness,0,1,0,1
rugs,1,0,0,1
wilson,1,0,0,1
nights,2,0,0,2
rochester,1,0,0,1
port,1,1,0,2
moist,2,1,0,3
finding,2,1,1,4
hurling,0,1,0,1
needle,0,2,0,2
electric,2,0,0,2
intervened,1,0,0,1
reach,2,6,1,9
cigarette,2,1,1,4
whitewall,1,0,0,1
70,1,0,0,1
nothing,26,21,21,68
soared,1,0,0,1
postman,0,3,0,3
patterned,0,4,0,4
mineral,1,0,0,1
windows,8,0,2,10
artemis,0,0,1,1
notch,1,0,0,1
lying,1,3,1,5
taffrail,0,1,0,1
stones,5,3,1,9
barter,0,1,0,1
fond,0,2,1,3
howls,0,1,0,1
melody,1,0,0,1
font,0,0,2,2
testicles,1,0,0,1
camel,0,1,0,1
grazes,1,0,0,1
nonchalance,0,1,0,1
vo'ks,0,1,0,1
windings,0,1,0,1
hip,0,1,1,2
shepherd,0,2,0,2
his,93,113,20,226
hit,1,1,0,2
cots,1,0,0,1
whistle,0,0,1,1
hid,0,3,0,3
instinctive,1,0,0,1
beards,1,1,0,2
him,27,38,20,85
fallible,0,0,1,1
chatni,1,0,0,1
medicines,1,0,0,1
timeless,1,0,0,1
necked,0,0,1,1
wroth,0,1,0,1
activity,0,0,1,1
cringe,0,1,0,1
relentless,1,0,0,1
wrote,0,0,1,1
bars,2,1,0,3
art,2,4,1,7
dump,1,0,0,1
philipsburg,1,0,0,1
defense,1,0,0,1
bare,1,5,6,12
are,63,106,57,226
thistle,0,1,0,1
cleverly,1,0,0,1
chambers,1,0,0,1
bark,0,4,0,4
arm,3,2,1,6
barn,3,0,0,3
learns,0,1,0,1
glistening,3,0,0,3
forlorn,0,1,2,3
slapped,1,0,0,1
drooping,1,4,0,5
various,1,0,0,1
consecutive,0,0,1,1
peeled,2,0,0,2
sold,1,1,0,2
attention,2,0,0,2
succeed,0,0,1,1
competent,1,0,0,1
prelude,0,1,0,1
lyrical,1,0,0,1
bronze,1,2,0,3
blazes,0,1,0,1
roman,1,0,0,1
became,3,1,2,6
baseball,2,0,0,2
bond,0,1,0,1
finds,1,0,0,1
reside,0,0,1,1
sloth,0,1,0,1
flies,3,2,0,5
sweet,7,15,6,28
sweep,1,1,0,2
regulated,0,1,0,1
nettles,1,0,0,1
village,0,2,1,3
acrid,1,0,0,1
decline,0,2,0,2
scented,0,1,0,1
dug,0,1,0,1
whom,3,5,2,10
brick,1,1,0,2
mossy,0,2,0,2
woke,3,1,0,4
attractive,0,0,1,1
flight,0,3,2,5
softest,0,1,0,1
goodly,0,1,0,1
cinch,0,1,0,1
demand,1,1,0,2
rocking,1,0,0,1
plants,1,0,1,2
stolen,0,0,1,1
frozen,1,3,1,5
clouded,1,2,1,4
demon,0,1,0,1
leans,0,2,0,2
disappointing,1,0,0,1
rio,1,0,0,1
awakening,0,1,0,1
obstacle,0,1,0,1
anguish,0,6,0,6
confirms,0,0,1,1
shirt,2,0,1,3
lengths,1,0,0,1
peoples,0,1,0,1
advise,1,0,0,1
spears,0,2,0,2
daughters,2,0,0,2
sliver,0,0,1,1
arrives,0,1,0,1
paths,0,10,2,12
flows,0,1,0,1
brooding,1,0,0,1
flown,1,0,1,2
arrived,2,1,0,3
brocade,0,4,0,4
lower,2,2,1,5
depending,2,0,0,2
anybody,0,1,0,1
dared,0,5,0,5
tarnish,0,1,0,1
cheer,0,1,0,1
edge,6,1,0,7
plotted,1,1,0,2
gorgeously,0,1,0,1
burden,0,1,0,1
scrupulous,1,0,0,1
pigeons,1,0,0,1
earthward,0,1,0,1
questions,2,0,1,3
silvery,0,1,0,1
continent,1,0,0,1
tables,1,1,0,2
tablet,1,0,0,1
sevenfold,0,1,0,1
drooped,1,1,0,2
exhibition,1,0,0,1
tormented,0,0,1,1
shovels,3,1,0,4
joyless,0,1,0,1
condemnation,0,0,1,1
spires,1,2,0,3
rafters,1,0,0,1
fulness,0,2,0,2
moods,0,1,0,1
unguessed,1,0,0,1
awaken,3,0,0,3
moody,1,0,0,1
shaped,0,1,0,1
message,2,1,0,3
shapes,2,0,0,2
untended,0,1,1,2
distrust,0,0,1,1
cereus,1,0,0,1
campagna,0,1,0,1
sprinklers,1,0,0,1
fucking,2,0,0,2
impassioned,1,0,0,1
eluding,0,0,1,1
streaming,3,2,0,5
swallowed,0,2,0,2
nosing,1,0,0,1
hosts,0,0,1,1
fragments,2,0,0,2
anna,0,0,1,1
porridge,0,1,0,1
jumps,1,0,0,1
veritas,0,1,0,1
aloft,1,1,0,2
othello,0,2,0,2
refuses,0,1,0,1
raider,1,0,0,1
intense,1,0,1,2
dormant,0,1,0,1
mingled,0,2,0,2
violins,0,2,0,2
ordeal,0,0,1,1
repeatingly,1,0,0,1
lifeless,0,0,1,1
range,0,1,0,1
hatred,2,5,0,7
fluttering,1,2,0,3
bleeds,0,0,6,6
youthful,1,2,2,5
wedded,0,2,0,2
twicked,1,0,0,1
blouses,1,0,0,1
drifted,1,0,0,1
mantled,1,0,0,1
impressed,0,1,0,1
whims,0,1,0,1
question,0,1,2,3
long,17,20,8,45
we're,7,4,2,13
mountains,0,2,0,2
plunge,0,1,0,1
succumbed,0,0,1,1
girlfriends,0,0,1,1
crank,0,0,1,1
upright,0,2,0,2
crane,0,0,1,1
shutters,0,1,0,1
stalking,0,0,1,1
homo,0,1,0,1
fried,1,1,0,2
called,5,6,0,11
freak,0,0,1,1
worthwhile,0,0,1,1
warning,0,0,1,1
rainbow,5,2,0,7
lemon,1,0,0,1
peach,0,2,0,2
rains,0,0,1,1
endurance,1,0,0,1
peace,1,4,2,7
backs,1,0,0,1
club,0,0,1,1
shallower,1,0,0,1
mock,1,3,0,4
nice,4,1,1,6
backbone,0,0,1,1
problems,1,0,1,2
breasts,4,1,0,5
hideouts,1,0,0,1
helping,0,0,1,1
meaning,1,2,1,4
vigil,0,1,0,1
posters,1,0,0,1
wrinkle,0,1,0,1
happier,0,2,0,2
vice,0,1,0,1
reproaches,1,0,0,1
weights,0,1,0,1
karma,0,0,1,1
strophe,0,1,0,1
intentional,0,1,0,1
once,11,16,14,41
hooks,2,0,0,2
alien,1,1,0,2
windy,1,1,0,2
016,1,0,0,1
winds,0,5,1,6
peering,1,0,1,2
include,1,0,0,1
fences,0,0,1,1
breathing,6,1,1,8
wished,1,2,0,3
toenail,1,0,0,1
hopper,0,0,1,1
wishes,0,0,1,1
noose,1,0,0,1
bounding,1,0,0,1
drinking,3,2,0,5
notes,1,0,0,1
leader,1,0,0,1
tenderness,0,3,1,4
dealt,0,1,1,2
pleas,0,0,1,1
someday,1,0,1,2
toils,0,1,0,1
smaller,1,0,0,1
folds,0,1,0,1
procession,1,0,0,1
fold,0,2,0,2
traveling,1,1,1,3
acid,1,0,1,2
pleace,0,1,0,1
headlines,1,0,0,1
folk,0,3,1,4
jephtha,0,1,0,1
forehanded,1,0,0,1
waiting,9,3,8,20
nightstick,1,0,0,1
chose,0,2,1,3
kangaroo,1,0,0,1
pushing,1,2,1,4
desired,1,1,0,2
sexy,0,0,1,1
ukraine,1,0,0,1
survivor,1,0,0,1
laughter,2,5,3,10
larger,2,2,0,4
shades,0,2,0,2
leaving,3,1,1,5
armpit,1,0,0,1
reds,1,0,0,1
chaste,0,1,0,1
shovel,2,0,0,2
apple,2,2,1,5
scales,3,0,0,3
shoved,0,0,1,1
grassier,0,1,0,1
motor,1,0,0,1
winkled,0,1,0,1
copybooks,1,0,0,1
redo,1,0,0,1
ape,0,2,0,2
use,1,1,2,4
from,93,97,49,239
stream,0,2,0,2
&,6,0,2,8
hopevul,0,1,0,1
frog,1,0,0,1
procrastinate,0,1,0,1
few,11,5,7,23
weeping,4,3,0,7
bitterly,0,1,0,1
sort,1,2,0,3
grandest,0,1,0,1
parliament,0,1,0,1
porch,2,0,0,2
credulous,0,1,0,1
heir,0,1,0,1
sore,0,1,2,3
hueless,0,1,0,1
rabbit,3,0,0,3
recount,0,1,0,1
entwined,0,0,1,1
women,7,7,0,14
linger,0,1,0,1
critic,1,0,0,1
anywhere,2,1,0,3
perched,0,1,0,1
splintery,2,0,0,2
dissolve,1,0,0,1
proof,0,0,1,1
douglass,0,1,0,1
tap,3,0,0,3
tar,2,0,0,2
dripping,0,3,0,3
rapt,0,1,0,1
heaving,0,1,0,1
something,12,3,18,33
onions,8,0,0,8
sis,0,0,5,5
sir,0,4,1,5
hyacinths,0,1,0,1
sip,1,1,0,2
sit,11,5,9,25
unnaming,1,0,0,1
six,1,4,0,5
camels,0,3,0,3
instead,1,1,2,4
struggled,0,1,0,1
typewriter,2,0,0,2
maternal,1,0,0,1
heavings,0,1,0,1
abuse,0,0,2,2
wrist,3,3,0,6
crusted,0,2,0,2
light,35,25,6,66
interrupted,1,0,1,2
sculptured,0,1,0,1
courage,0,1,2,3
crawling,2,0,0,2
defaulter,0,1,0,1
rusted,2,0,0,2
perishing,0,0,1,1
stamped,0,0,1,1
whilst,0,0,1,1
dearest,1,0,0,1
looks,9,10,3,22
tyrant,0,1,0,1
badges,0,1,0,1
glen,1,0,0,1
underwater,1,0,0,1
banner,0,1,0,1
glee,0,0,1,1
ships,0,2,0,2
choose,0,3,3,6
orange,8,0,0,8
covered,1,2,2,5
receptacles,0,0,1,1
bye,0,1,0,1
eastward,0,2,0,2
crash,0,1,1,2
blackberries,2,1,0,3
oranges,2,0,0,2
flee,0,3,1,4
fled,0,1,0,1
worlds,2,2,1,5
search,0,0,1,1
profound,0,1,0,1
feast,0,3,0,3
unafraid,0,1,0,1
fiddle,0,2,0,2
trap,2,2,0,4
pitying,0,1,0,1
lilac,0,1,0,1
our,40,52,51,143
out,82,45,29,156
heartthrobs,1,0,0,1
mermen,0,3,0,3
ejaculate,1,0,0,1
yellowtail,3,0,0,3
poets,1,1,0,2
dive,0,0,1,1
pours,0,0,2,2
vled,0,1,0,1
york,3,1,0,4
yore,0,1,0,1
comrade,0,1,0,1
barns,1,0,0,1
conversation,1,1,0,2
calvary,0,1,0,1
hence,1,4,0,5
sew,1,0,0,1
plainly,0,1,0,1
relish,0,0,1,1
echo,0,2,2,4
listless,0,1,0,1
twas,0,3,0,3
filial,1,0,0,1
doesn't,4,0,11,15
righ,1,0,0,1
salient,0,2,0,2
droop,0,1,0,1
unknown,0,2,2,4
their,54,54,15,123
drool,1,0,0,1
misunderstood,1,0,0,1
shell,1,1,1,3
consoling,1,0,0,1
shelf,1,0,0,1
doomed,0,1,0,1
shallow,1,0,0,1
slides,0,1,0,1
reflecting,0,1,0,1
diminish,0,1,0,1
july,1,0,0,1
astounded,1,0,0,1
boring,1,0,3,4
riches,0,1,0,1
screeching,1,0,0,1
[for,0,1,0,1
stipple,0,1,0,1
violets,0,1,0,1
fowl,0,1,0,1
westward,0,0,1,1
ringed,0,1,0,1
afraid,1,2,3,6
angle,1,0,0,1
rearranged,0,0,1,1
russians,1,1,0,2
bough,0,2,0,2
which,25,34,4,63
asshole,0,0,1,1
teeniest,0,1,0,1
divers,0,1,0,1
centre,0,1,0,1
who,33,68,42,143
harmful,0,1,0,1
cracking,1,0,0,1
class,0,1,1,2
deny,0,1,2,3
dens,1,1,0,2
looked,12,5,4,21
swellings,0,1,0,1
chances,0,1,1,2
stove,1,0,0,1
planning,0,1,0,1
utter,0,1,0,1
fear,4,6,6,16
feat,0,1,0,1
pleased,2,0,0,2
chanced,0,1,0,1
nearer,0,2,0,2
ha,0,5,0,5
solitary,0,1,0,1
gouging,1,0,0,1
reminisce,0,0,1,1
piano,3,1,0,4
local,1,0,0,1
spun,1,0,0,1
watching,2,1,1,4
canyons,1,0,0,1
goosebumps,0,0,1,1
massacre,0,1,0,1
ones,5,2,2,9
words,18,2,10,30
spur,0,1,0,1
ended,0,1,1,2
deceiver,0,1,0,1
married,2,0,0,2
nightingale,0,1,0,1
trues,0,0,1,1
deceived,0,0,1,1
shedding,0,0,1,1
ogre,0,2,0,2
ebb,0,2,1,3
recoiled,1,0,0,1
violet,0,1,0,1
luminous,1,2,0,3
gutters,0,1,0,1
sparsely,1,0,0,1
closer,2,1,4,7
closes,1,0,0,1
closet,4,0,0,4
invulnerable,0,1,0,1
monstrous,0,1,0,1
favor,1,1,1,3
sweat,1,0,0,1
closed,4,4,0,8
boughs,2,5,0,7
pants,1,0,0,1
avow,0,0,1,1
jot,1,0,0,1
exam,1,0,0,1
opening,3,1,0,4
joy,0,8,4,12
job,1,4,0,5
spoil,0,1,0,1
jog,1,0,0,1
avon,0,1,0,1
swift,0,6,0,6
declining,1,0,0,1
commands,0,1,0,1
april,1,4,0,5
conquerors,0,1,0,1
canopy,0,1,0,1
safely,2,0,0,2
grounds,0,0,1,1
torments,0,1,1,2
wall,8,4,6,18
shoving,1,0,0,1
wali,0,2,0,2
walk,13,8,7,28
respect,2,0,2,4
immortality,0,2,0,2
mike,4,0,0,4
nickel,4,0,0,4
painted,1,7,1,9
scortches,0,1,0,1
sufficient,1,1,0,2
crappy,0,0,1,1
gathering,0,4,0,4
tangible,0,0,1,1
present,0,3,2,5
abandoned,1,1,1,3
fearful,0,1,0,1
choices,0,0,1,1
will,38,49,90,177
hovering,1,1,0,2
wild,9,11,1,21
bolero,1,0,0,1
layer,1,0,0,1
ringing,1,1,0,2
thus,0,7,2,9
drips,0,1,0,1
thud,2,0,0,2
whore,1,0,0,1
perhaps,2,4,0,6
radiation,1,0,0,1
cross,1,3,1,5
member,0,1,0,1
flower,8,12,1,21
gets,2,0,3,5
tomatoes,3,0,0,3
difficult,0,0,1,1
succulent,1,0,1,2
conceived,1,0,0,1
disagree,0,1,0,1
outcast,0,1,0,1
romeo,0,1,0,1
beast,1,0,1,2
whale,1,0,0,1
coverlid,0,1,0,1
fighting,0,1,0,1
gutted,1,0,0,1
english,1,6,0,7
equidistant,0,1,0,1
breaker,0,1,0,1
unbridled,0,1,0,1
cried,1,2,1,4
heavily,0,1,1,2
wren,2,0,0,2
cries,1,2,0,3
rocked,0,0,1,1
happiness,2,2,5,9
danced,1,1,0,2
smite,0,1,0,1
drunk,1,1,4,6
sky,14,26,12,52
discuss,0,1,0,1
other,20,11,8,39
adoption,0,0,4,4
nor,9,21,4,34
sanskrit,1,0,0,1
captivating,0,0,1,1
myth,0,1,0,1
know,23,35,70,128
press,1,2,0,3
prest,0,1,0,1
feral,1,0,0,1
miami,2,0,0,2
perpetual,0,1,0,1
cowslip,0,0,1,1
corners,1,1,1,3
starred,0,1,0,1
montcalm,0,1,0,1
wonders,0,0,1,1
exceed,0,1,0,1
because,14,9,27,50
tumble,1,0,0,1
scared,1,0,2,3
searching,0,0,4,4
growth,1,0,0,1
twirling,0,0,1,1
empire,0,1,0,1
leaden,0,1,0,1
leaf,8,5,2,15
lead,2,2,2,6
lean,3,3,1,7
mines,1,0,0,1
leap,2,3,0,5
earrings,1,0,0,1
mined,1,0,0,1
refolded,1,0,0,1
trout,1,2,0,3
pasty,0,1,0,1
ripped,0,0,2,2
murderer,1,2,0,3
thoroughfare,0,1,0,1
inscribest,0,1,0,1
murdered,0,1,0,1
ceilinged,1,0,0,1
paste,1,0,0,1
throne,0,6,0,6
pike,0,1,0,1
rare,0,3,2,5
carried,2,4,0,6
getting,2,1,3,6
shipping,1,0,0,1
swear,1,0,0,1
ashy,1,0,0,1
urges,0,0,1,1
emperor,0,0,1,1
irishman,1,0,0,1
owl,0,2,0,2
own,16,9,7,32
polished,1,2,0,3
wilderness,2,3,0,5
owe,1,0,0,1
brambles,0,1,0,1
soaks,0,1,0,1
weather,3,1,3,7
promise,1,1,1,3
brush,1,0,0,1
owt,0,1,0,1
rowboat,1,0,0,1
van,0,1,0,1
crave,0,1,1,2
noxious,0,0,1,1
brushstrokes,1,0,0,1
resists,0,0,1,1
powdered,0,1,0,1
footworn,1,0,0,1
unwrap,1,0,0,1
tinged,0,2,0,2
mutter,0,0,1,1
squeeze,2,0,0,2
made,18,23,8,49
whether,0,3,2,5
daffodil,0,1,0,1
windfall,1,0,0,1
below,0,5,0,5
stirring,1,0,0,1
unfolding,1,0,0,1
monitory,0,1,0,1
meaningless,0,0,1,1
goodness,1,1,0,2
trailing,2,0,0,2
happen,5,1,9,15
mutual,1,0,0,1
'll,9,6,24,39
incredible,0,2,0,2
glint,1,0,0,1
boot,2,0,0,2
book,2,3,0,5
boom,3,0,0,3
sick,0,2,0,2
clicks,1,0,0,1
shredded,1,0,1,2
june,1,1,0,2
pumps,1,0,0,1
earthly,0,1,0,1
squeak,0,1,0,1
squeal,1,0,0,1
rotting,0,0,1,1
volumes,0,1,0,1
